GSAT0101 (GALILEO-PFM)  
1 37846U 11060A   26254.66300968 -.00000103  00000+0  00000+0 0  9996
2 37846  56.9594 339.4167 0000252  59.2386 300.8114  1.70475619 92595
GSAT0102 (GALILEO-FM2)  
1 37847U 11060B   26255.85231263 -.00000103  00000+0  00000+0 0  9990
2 37847  56.9596 339.3848 0001762 317.7062  97.9522  1.70475832 92621
GSAT0103 (GALILEO-FM3)  
1 38857U 12055A   26254.70411982  .00000015  00000+0  00000+0 0  9999
2 38857  55.8600  99.1697 0002046 315.2788  44.7968  1.70473471 86482
GSAT0201 (GALILEO 5)    
1 40128U 14050A   26255.19351444 -.00000034  00000+0  00000+0 0  9992
2 40128  48.7843 269.8594 1686336 182.7547 176.1917  1.85519597 79931
GSAT0202 (GALILEO 6)    
1 40129U 14050B   26255.98772564 -.00000033  00000+0  00000+0 0  9999
2 40129  48.8006 268.9133 1687937 183.4937 175.1655  1.85520309 82117
GSAT0203 (GALILEO 7)    
1 40544U 15017A   26252.09412080 -.00000100  00000+0  00000+0 0  9992
2 40544  56.7527 339.3092 0004460 251.6359 108.3566  1.70476378 70633
GSAT0204 (GALILEO 8)    
1 40545U 15017B   26255.28309888 -.00000103  00000+0  00000+0 0  9991
2 40545  56.7579 339.2411 0004481 238.7983 121.2069  1.70475953 33737
GSAT0206 (GALILEO 10)   
1 40890U 15045B   26254.09842668 -.00000002  00000+0  00000+0 0  9999
2 40890  54.9256 219.2330 0002540 349.0399  10.9008  1.70473136 68501
GSAT0209 (GALILEO 12)   
1 41174U 15079A   26253.09398406  .00000021  00000+0  00000+0 0  9997
2 41174  55.8813  98.9312 0003698  16.5279 343.5809  1.70473608 66221
GSAT0208 (GALILEO 11)   
1 41175U 15079B   26253.90103923  .00000018  00000+0  00000+0 0  9992
2 41175  55.8790  98.9063 0005170  45.8921 314.2454  1.70473654 66654
GSAT0211 (GALILEO 14)   
1 41549U 16030A   26255.78392084  .00000004  00000+0  00000+0 0  9996
2 41549  55.0758 219.2865 0003780 333.2275  26.7021  1.70473152 64166
GSAT0210 (GALILEO 13)   
1 41550U 16030B   26256.04104308  .00000005  00000+0  00000+0 0  9999
2 41550  55.0748 219.2775 0003998 253.8275 106.0787  1.70473662 64162
GSAT0207 (GALILEO 15)   
1 41859U 16069A   26254.56034714  .00000015  00000+0  00000+0 0  9992
2 41859  55.5533  98.6945 0003037 359.7632   0.3287  1.70473750 60879
GSAT0212 (GALILEO 16)   
1 41860U 16069B   26253.24052515  .00000019  00000+0  00000+0 0  9991
2 41860  55.5502  98.7259 0003965  39.3601 320.7650  1.70473888 61105
GSAT0213 (GALILEO 17)   
1 41861U 16069C   26254.78070778  .00000014  00000+0  00000+0 0  9998
2 41861  55.5548  98.6915 0002106 331.8261  28.2534  1.70474325 60996
GSAT0214 (GALILEO 18)   
1 41862U 16069D   26253.16735568  .00000020  00000+0  00000+0 0  9992
2 41862  55.5429  98.7287 0002372 358.3065   1.7890  1.70474047 61093
GSAT0215 (GALILEO 19)   
1 43055U 17079A   26254.24294115 -.00000002  00000+0  00000+0 0  9999
2 43055  55.0541 219.1395 0003346 281.3163  78.5923  1.70473895 54455
GSAT0216 (GALILEO 20)   
1 43056U 17079B   26255.12062649  .00000001  00000+0  00000+0 0  9991
2 43056  55.0543 219.1155 0004601 288.9454  70.9518  1.70474013 54485
GSAT0217 (GALILEO 21)   
1 43057U 17079C   26254.16828369 -.00000002  00000+0  00000+0 0  9996
2 43057  55.0524 219.1392 0004079 302.5197  57.3871  1.70473968 54450
GSAT0218 (GALILEO 22)   
1 43058U 17079D   26254.38836198 -.00000002  00000+0  00000+0 0  9990
2 43058  55.0528 219.1309 0005052 284.2678  75.6223  1.70473958 54481
GSAT0221 (GALILEO 25)   
1 43564U 18060A   26253.11958899 -.00000101  00000+0  00000+0 0  9996
2 43564  57.1351 339.4875 0004384 269.9725  90.0208  1.70476218 50611
GSAT0222 (GALILEO 26)   
1 43565U 18060B   26256.27229509 -.00000103  00000+0  00000+0 0  9998
2 43565  57.1374 339.4061 0004857 243.5056 116.4954  1.70476060 50711
GSAT0219 (GALILEO 23)   
1 43566U 18060C   26242.41507177 -.00000076  00000+0  00000+0 0  9999
2 43566  57.1426 339.7826 0003514 273.9182  86.0846  1.70476242 50453
GSAT0220 (GALILEO 24)   
1 43567U 18060D   26253.19462196 -.00000101  00000+0  00000+0 0  9997
2 43567  57.1370 339.4905 0003677 268.4040  91.5976  1.70475942 50629
GSAT0223 (GALILEO 27)   
1 49809U 21116A   26251.38578007 -.00000099  00000+0  00000+0 0  9992
2 49809  57.1270 339.4281 0003955 220.3982 200.3753  1.70476049 29607
GSAT0224 (GALILEO 28)   
1 49810U 21116B   26255.20646131 -.00000103  00000+0  00000+0 0  9999
2 49810  57.1262 339.3236 0003182 214.6681 143.5941  1.70476350 29683
GSAT0225 (GALILEO 29)   
1 59598U 24079A   26254.92947344  .00000012  00000+0  00000+0 0  9990
2 59598  55.1754  98.6543 0001345 119.7816  61.6279  1.70474149 14795
GSAT0227 (GALILEO 30)   
1 59600U 24079C   26255.40408260  .00000010  00000+0  00000+0 0  9995
2 59600  55.1710  98.6393 0004161  92.6838 267.4517  1.70474167 14854
GSAT0232 (GALILEO 32)   
1 61182U 24167A   26255.35102196  .00000002  00000+0  00000+0 0  9995
2 61182  55.1655 218.9233 0005623 236.0317 307.1418  1.70473636 12366
GSAT0226 (GALILEO 31)   
1 61183U 24167B   26256.18971895  .00000006  00000+0  00000+0 0  9992
2 61183  55.1644 218.9074 0002435 248.0502 181.1813  1.70473648 12356
GSAT0233 (GALILEO 33)   
1 67160U 25302A   26256.21375073  .00000005  00000+0  00000+0 0  9994
2 67160  54.3923  99.6213 0002878 139.2532  41.3613  1.70474248  4625
GSAT0234 (GALILEO 34)   
1 67162U 25302C   26255.62813880  .00000007  00000+0  00000+0 0  9995
2 67162  54.3938  99.6372 0000472  38.8796 322.4283  1.70474189  4678
