TDRS 3                  
1 19548U 88091B   26259.07891846 -.00000301  00000+0  00000+0 0  9993
2 19548  12.5346 340.3928 0038409 352.4470   1.8074  1.00274364126295
FLTSATCOM 8 (USA 46)    
1 20253U 89077A   26260.59377292 -.00000367  00000+0  00000+0 0  9998
2 20253  12.3982 350.5940 0003045 229.1746 116.2950  1.00271672261489
TDRS 5                  
1 21639U 91054B   26259.38305910  .00000084  00000+0  00000+0 0  9993
2 21639  14.0607 353.0930 0009295 251.3171  81.4707  1.00281593128624
TDRS 6                  
1 22314U 93003B   26260.96522641 -.00000295  00000+0  00000+0 0  9993
2 22314  14.1860 356.3577 0009677 201.6557 100.5945  1.00273868123336
UFO 2 (USA 95)          
1 22787U 93056A   26257.00586551  .00000118  00000+0  00000+0 0  9999
2 22787  11.9265   3.0474 0002436 247.9690 132.7537  1.00269979119442
UFO 4 (USA 108)         
1 23467U 95003A   26261.10181500 -.00000023  00000+0  00000+0 0  9996
2 23467   9.7015  12.7701 0003044 163.4545  29.8154  1.00269703115883
TDRS 7                  
1 23613U 95035B   26260.70808521 -.00000240  00000+0  00000+0 0  9999
2 23613  13.2995 347.5435 0010892  98.8980 254.3698  1.00272646114178
USA 115 (MILSTAR-1 2)   
1 23712U 95060A   26261.07641472 -.00000202  00000+0  00000+0 0  9996
2 23712  14.1061   3.0428 0006079 159.8714 131.5830  1.00270870 33815
INMARSAT 3-F1           
1 23839U 96020A   26260.67590376 -.00000088  00000+0  00000+0 0  9996
2 23839  10.7908  45.7531 0007029 153.4272 211.0397  1.00003337111181
INMARSAT 3-F2           
1 24307U 96053A   26259.51055152  .00000103  00000+0  00000+0 0  9999
2 24307  10.0592  52.9812 0005723 121.1337  60.2489  0.99978502109836
INMARSAT 3-F3           
1 24674U 96070A   26260.77282706 -.00000291  00000+0  00000+0 0  9991
2 24674  10.5149  48.7345 0006069 154.7427  21.6144  0.99991528108837
USA 134                 
1 25019U 97065A   26261.00199843 -.00000065  00000+0  00000+0 0  9995
2 25019  12.8941  21.0068 0002613 269.9442 314.4865  1.00269908 33887
INMARSAT 3-F5           
1 25153U 98006B   26261.16644229 -.00000293  00000+0  00000+0 0  9993
2 25153   9.8965  52.3032 0004440 122.9645 187.7910  1.00273670104825
ABS-6                   
1 25924U 99053A   26261.14975316 -.00000124  00000+0  00000+0 0  9997
2 25924   0.0014 176.4942 0001355 338.5200  54.9850  1.00272487 98770
UFO 10 (USA 146)        
1 25967U 99063A   26260.63545979 -.00000191  00000+0  00000+0 0  9990
2 25967   9.9228  26.7048 0004568 195.3207 340.3453  1.00268157 98276
ASIASTAR                
1 26107U 00016A   26260.87474749 -.00000337  00000+0  00000+0 0  9991
2 26107   9.3415  57.1334 0003834 119.6712 239.9299  1.00273997 96846
USA 149 (DSP 20)        
1 26356U 00024A   26260.73556022 -.00000266  00000+0  00000+0 0  9997
2 26356  13.2675  11.2508 0012047  40.2873 332.5664  0.99196890 33852
TDRS 8                  
1 26388U 00034A   26260.87316763 -.00000197  00000+0  00000+0 0  9997
2 26388  12.8283  30.5168 0001231 116.6301 248.8055  1.00270333 96119
NSS-11                  
1 26554U 00059A   26261.14419843  .00000021  00000+0  00000+0 0  9998
2 26554   2.3598  80.1791 0002949 101.9977  42.8151  1.00272360 42227
USA 153                 
1 26575U 00065A   26260.73798690 -.00000327  00000+0  00000+0 0  9992
2 26575  11.7830  34.6287 0001556 134.8980 227.2398  1.00268943 33863
AMC-6                   
1 26580U 00067A   26261.20956985  .00000084  00000+0  00000+0 0  9995
2 26580   0.3843  83.5998 0004267 100.1864 113.7600  1.00273129 94828
USA 157 (MILSTAR-2 2)   
1 26715U 01009A   26260.46787874  .00000107  00000+0  00000+0 0  9994
2 26715  11.6446  19.1690 0042621 180.5052 175.2719  1.00279477 33866
INTELSAT 902 (IS-902)   
1 26900U 01039A   26261.04249762 -.00000287  00000+0  00000+0 0  9997
2 26900   6.3453  70.6057 0004033 106.6886 144.8625  1.00273185 91625
USA 164 (MILSTAR-2 3)   
1 27168U 02001A   26259.00443506  .00000093  00000+0  00000+0 0  9993
2 27168  11.2890  21.3345 0098662  10.3605 343.8211  1.00269726 33866
INTELSAT 904 (IS-904)   
1 27380U 02007A   26260.77638041 -.00000228  00000+0  00000+0 0  9992
2 27380   7.1457  68.0336 0003078 106.3333  70.3754  1.00272918 52697
DIRECTV 5 (TEMPO 1)     
1 27426U 02023A   26261.21888564 -.00000061  00000+0  00000+0 0  9993
2 27426   5.1091  74.1032 0003137 102.5563 149.1946  1.00272008 89058
INTELSAT 905 (IS-905)   
1 27438U 02027A   26261.17764235  .00000090  00000+0  00000+0 0  9994
2 27438   6.9810  68.6384 0003036 134.2097  81.0223  1.00271730 52298
GALAXY 3C (G-3C)        
1 27445U 02030A   26261.22666947 -.00000157  00000+0  00000+0 0  9998
2 27445   3.9750  76.7954 0001629  40.6158 226.5036  1.00272352 47421
INTELSAT 906 (IS-906)   
1 27513U 02041A   26261.08040824  .00000009  00000+0  00000+0 0  9995
2 27513   6.0322  71.7341 0003149 122.0711 256.3167  1.00270750 87969
NIMIQ 2                 
1 27632U 02062A   26260.98933564 -.00000072  00000+0  00000+0 0  9991
2 27632   9.6557  55.8834 0005754 115.6453  72.3423  1.00273345 45110
USA 167                 
1 27691U 03008A   26260.41850457  .00000003  00000+0  00000+0 0  9997
2 27691  11.1413  42.5538 0002960 291.0410  51.3600  1.00274224  7698
USA 169 (MILSTAR-2 4)   
1 27711U 03012A   26260.67021326 -.00000198  00000+0  00000+0 0  9994
2 27711  12.4750  28.2121 0096732  12.3118 349.5899  1.00271514 33888
ASIASAT 4               
1 27718U 03014A   26260.80530806 -.00000225  00000+0  00000+0 0  9997
2 27718   4.9346  74.5344 0002721 105.7398 253.9343  1.00273324 46220
HELLAS-SAT 2            
1 27811U 03020A   26260.88933699 -.00000087  00000+0  00000+0 0  9999
2 27811   7.5789  66.7378 0007732 140.2693 100.0207  1.00272872 43778
THURAYA-2               
1 27825U 03026A   26261.00518125  .00000123  00000+0  00000+0 0  9998
2 27825   8.9818  31.5074 0000480  71.1818 300.1259  1.00271979 85287
OPTUS C1                
1 27831U 03028B   26260.81347389 -.00000154  00000+0  00000+0 0  9992
2 27831   7.1154  68.2478 0005464 104.6761 272.4418  1.00273025 53994
USA 170                 
1 27875U 03040A   26260.57357951  .00000123  00000+0  00000+0 0  9998
2 27875  10.6922  47.0447 0001628 161.3422  18.7121  1.00272198 33920
GALAXY 13 (HORIZONS-1)  
1 27954U 03044A   26261.20231796  .00000128  00000+0  00000+0 0  9994
2 27954   1.6529  82.5325 0001658 101.5899  95.8426  1.00270601 47507
YAMAL 202               
1 28089U 03053A   26261.31391622 -.00000083  00000+0  00000+0 0  9992
2 28089   6.5718  69.7643 0004731 128.3889  75.6690  1.00271930 83631
UFO 11 (USA 174)        
1 28117U 03057A   26260.94009443 -.00000105  00000+0  00000+0 0  9998
2 28117   9.0311  33.3226 0003853 158.7827 218.6222  1.00271474 83382
USA 176 (DSP 22)        
1 28158U 04004A   26260.26981089 -.00000141  00000+0  00000+0 0  9996
2 28158  12.1723  25.3770 0023304 238.6100 118.9605  0.99035850 33856
ABS-4 (MOBISAT-1)       
1 28184U 04007A   26261.07980156  .00000034  00000+0  00000+0 0  9992
2 28184   6.2702  70.8332 0005291 113.7055 262.2455  1.00275402 53278
INTELSAT 10-02          
1 28358U 04022A   26261.13882183 -.00000015  00000+0  00000+0 0  9990
2 28358   0.0376 259.1114 0000048 164.1288 342.8089  1.00272627 81481
ANIK F2                 
1 28378U 04027A   26261.21881751 -.00000054  00000+0  00000+0 0  9999
2 28378   3.5211  78.2125 0003086  81.3714 165.2409  1.00272626 42197
AMC-15                  
1 28446U 04041A   26261.22021568 -.00000093  00000+0  00000+0 0  9997
2 28446   0.0390 332.5378 0002030 179.8014 179.0452  1.00272595 80236
NSS-10                  
1 28526U 05003A   26260.77525374 -.00000255  00000+0  00000+0 0  9998
2 28526   6.6769  69.2919 0003210 104.7595  64.3153  1.00273660 54086
INMARSAT 4-F1           
1 28628U 05009A   26261.14419843  .00000030  00000+0  00000+0 0  9992
2 28628   5.2968  42.8162 0002605 138.5558  45.7435  1.00273789 78605
DIRECTV 8               
1 28659U 05019A   26261.18294575 -.00000003  00000+0  00000+0 0  9995
2 28659   0.0163 140.5312 0002969  28.1183 135.2706  1.00272478 78007
GALAXY 28 (G-28)        
1 28702U 05022A   26261.13370846 -.00000204  00000+0  00000+0 0  9992
2 28702   3.5316  77.7197 0001784 100.0780 200.3181  1.00270703 52904
THAICOM 4               
1 28786U 05028A   26260.80628052 -.00000366  00000+0  00000+0 0  9997
2 28786   0.4780  84.5417 0000548  38.2633 283.6857  1.00271861 53174
ANIK F1R                
1 28868U 05036A   26261.22287286 -.00000079  00000+0  00000+0 0  9995
2 28868   4.5446  75.3702 0002655  62.0416 192.6882  1.00272947 47388
SYRACUSE 3A             
1 28885U 05041B   26254.51939881  .00000114  00000+0  00000+0 0  9998
2 28885   4.8548  74.7263 0002457 106.5771  42.9291  1.00275934 76614
INMARSAT 4-F2           
1 28899U 05044A   26261.16750862 -.00000263  00000+0  00000+0 0  9991
2 28899   5.2163  43.7222 0002367 133.6637  23.5281  1.00272891 76455
METEOSAT-9 (MSG-2)      
1 28912U 05049B   26261.07676823  .00000121  00000+0  00000+0 0  9998
2 28912   9.5677  53.2219 0001934 351.5744  25.6039  1.00276930  7938
EUTELSAT 174A           
1 28924U 05052A   26261.10224833  .00000006  00000+0  00000+0 0  9991
2 28924   4.4476  75.3248 0005978  99.9132  32.6084  1.00274401 53261
ECHOSTAR 10             
1 28935U 06003A   26261.18524772 -.00000060  00000+0  00000+0 0  9994
2 28935   0.0414 339.8510 0002760 145.5238 188.2595  1.00270935 75399
SPAINSAT                
1 28945U 06007A   26261.09216152 -.00000221  00000+0  00000+0 0  9998
2 28945   0.7966  84.8614 0004831  94.6657 180.4841  1.00272313 75144
JCSAT-5A                
1 29045U 06010A   26260.79766940 -.00000332  00000+0  00000+0 0  9998
2 29045   1.3408  82.9772 0001671  46.0671 286.9161  1.00272073 74693
ASTRA 1KR               
1 29055U 06012A   26261.14280852  .00000115  00000+0  00000+0 0  9992
2 29055   0.7072  82.6427 0003516  89.9590 254.8871  1.00270448 46622
GALAXY 16 (G-16)        
1 29236U 06023A   26261.22676269 -.00000131  00000+0  00000+0 0  9994
2 29236   0.0127 173.9823 0002646   4.2939 161.5219  1.00271760 73900
EUTELSAT 33F            
1 29270U 06032A   26261.14558185  .00000151  00000+0  00000+0 0  9990
2 29270   1.8949  81.0677 0003361  87.2905 274.2288  1.00270412 48244
JCSAT-3A                
1 29272U 06033A   26260.80801387 -.00000349  00000+0  00000+0 0  9990
2 29272   0.0344 275.4182 0002360 259.5854 240.6309  1.00272775 48662
KOREASAT 5 (MUGUNGWHA 5)
1 29349U 06034A   26260.73374021 -.00000362  00000+0  00000+0 0  9993
2 29349   2.0165  81.6886 0001889 142.6590 149.5336  1.00271108 42246
DIRECTV 9S              
1 29494U 06043A   26261.10701501 -.00000038  00000+0  00000+0 0  9993
2 29494   2.6551  79.6788 0006462 194.4555 319.9127  0.99096809 52318
OPTUS D1                
1 29495U 06043B   26260.95526117 -.00000187  00000+0  00000+0 0  9999
2 29495   3.2668  78.4354 0003633  91.0502 323.2824  1.00273204 73057
BADR-4                  
1 29526U 06051A   26261.14584185  .00000152  00000+0  00000+0 0  9995
2 29526   2.2379  79.9819 0004863  95.3636 268.7142  1.00273036 52206
WILDBLUE-1              
1 29643U 06054A   26261.14428185 -.00000010  00000+0  00000+0 0  9999
2 29643   3.0369  79.2565 0004806  94.3193 261.9284  0.99177327 54712
SKYNET 5A               
1 30794U 07007B   26261.01532130 -.00000275  00000+0  00000+0 0  9992
2 30794   5.5307  72.5599 0003471 114.5029 270.6346  1.00271626 71639
ANIK F3                 
1 31102U 07009A   26261.21933022 -.00000006  00000+0  00000+0 0  9997
2 31102   1.4314  82.5838 0002627  93.8092 141.0338  1.00274050 47497
ASTRA 1L                
1 31306U 07016A   26260.77776707 -.00000188  00000+0  00000+0 0  9997
2 31306   1.5539  80.6359 0004894  93.3283  78.2549  1.00271396 45915
GALAXY 17 (G-17)        
1 31307U 07016B   26261.07109072 -.00000210  00000+0  00000+0 0  9993
2 31307   3.1996  78.6590 0003194 121.8144  97.1340  1.00272467 70737
INTELSAT 11 (IS-11)     
1 32253U 07044B   26261.08300825  .00000047  00000+0  00000+0 0  9992
2 32253   3.8004  77.4689 0007472 128.8924 257.6451  0.99046611 69378
WGS F1 (USA 195)        
1 32258U 07046A   26261.05934815 -.00000271  00000+0  00000+0 0  9998
2 32258   0.0113 129.9652 0000613  29.4812 176.4043  1.00271986 53262
SKYNET 5B               
1 32294U 07056B   26261.14402184  .00000136  00000+0  00000+0 0  9997
2 32294   5.4814  72.3431 0003713 109.9483 251.7191  1.00271589 69130
ASTRA 4A                
1 32299U 07057A   26261.13994851  .00000028  00000+0  00000+0 0  9999
2 32299   0.0120 211.4320 0002420 323.2152 237.6213  1.00271177 52578
HORIZONS-2              
1 32388U 07063B   26261.15233979 -.00000257  00000+0  00000+0 0  9999
2 32388   2.8349  79.4018 0001392  99.2464 159.4956  1.00271688 68747
THURAYA-3               
1 32404U 08001A   26261.00908125  .00000007  00000+0  00000+0 0  9999
2 32404   6.1453  35.8256 0002252 168.2922 219.8361  1.00270973 68423
THOR 5                  
1 32487U 08006A   26261.13890850 -.00000013  00000+0  00000+0 0  9992
2 32487   0.0268 234.4209 0002361 297.2150 234.6892  1.00271759 68240
AMC-14                  
1 32708U 08011A   26260.73408687 -.00000363  00000+0  00000+0 0  9990
2 32708  24.1167  19.4013 0035180   2.5611 353.2838  1.00438291 69097
DIRECTV 11              
1 32729U 08013A   26261.14595247 -.00000130  00000+0  00000+0 0  9992
2 32729   0.0398 358.8563 0000364  77.3774 234.2076  1.00272511 46521
ICO G1                  
1 32763U 08016A   26260.40787147 -.00000175  00000+0  00000+0 0  9992
2 32763   5.5394  35.8316 0002414 126.5368 247.9727  1.00273230 67477
VINASAT-1               
1 32767U 08018A   26260.79766940 -.00000333  00000+0  00000+0 0  9994
2 32767   0.0220 274.4427 0001950 277.1264 224.2609  1.00270430 67516
STAR ONE C2             
1 32768U 08018B   26260.76979372 -.00000281  00000+0  00000+0 0  9999
2 32768   1.4701  81.4049 0002589 104.5836  22.8448  1.00270406 67582
AMOS-3                  
1 32794U 08022A   26261.08318160 -.00000121  00000+0  00000+0 0  9994
2 32794   0.6878  84.6726 0002167  47.8245 332.4773  1.00272965 83276
GALAXY 18 (G-18)        
1 32951U 08024A   26261.21389954  .00000021  00000+0  00000+0 0  9993
2 32951   0.0162 140.1135 0002978  28.9115 142.1227  1.00272435 46786
ZHONGXING-9             
1 33051U 08028A   26261.08604161 -.00000253  00000+0  00000+0 0  9992
2 33051   0.9995  83.9629 0006179 132.7105 263.6834  1.00274820 66979
SKYNET 5C               
1 33055U 08030A   26261.13552847 -.00000144  00000+0  00000+0 0  9997
2 33055   4.0204  75.8707 0004887 110.1635 202.0385  1.00271727 66881
TURKSAT 3A              
1 33056U 08030B   26261.14731521  .00000142  00000+0  00000+0 0  9994
2 33056   0.0399  81.1807 0004460  80.7124 290.2452  1.00275742 53281
ECHOSTAR 11             
1 33207U 08035A   26260.61838638 -.00000063  00000+0  00000+0 0  9998
2 33207   1.2375  82.9416 0002418  98.3289 288.1261  1.00273249 52147
SUPERBIRD-C2            
1 33274U 08038A   26260.95214117 -.00000310  00000+0  00000+0 0  9997
2 33274   2.5935  80.0212 0005727  69.5792 326.0820  1.00271529106664
INMARSAT 4-F3           
1 33278U 08039A   26261.18863397 -.00000143  00000+0  00000+0 0  9992
2 33278   4.3834  31.7654 0003105 169.5577 125.7284  1.00271992 47474
NIMIQ 4                 
1 33373U 08044A   26261.19629264 -.00000224  00000+0  00000+0 0  9998
2 33373   0.0281 102.2430 0001934  80.8781 162.6786  1.00270297 65918
GALAXY 19 (G-19)        
1 33376U 08045A   26261.18847954 -.00000143  00000+0  00000+0 0  9999
2 33376   0.0304 242.3781 0002446 294.9961 150.6009  1.00272122 65834
ASTRA 1M                
1 33436U 08057A   26261.14289519  .00000117  00000+0  00000+0 0  9992
2 33436   0.5295  82.5903 0003706  92.1999 253.1234  1.00274246 46662
EUTELSAT HOTBIRD 13C    
1 33459U 08065A   26261.08725374 -.00000287  00000+0  00000+0 0  9992
2 33459   3.1827  78.0118 0003574 100.3360 159.7897  1.00273240 48270
EXPRESS-AM44            
1 33595U 09007A   26261.13682848 -.00000093  00000+0  00000+0 0  9999
2 33595   3.6958  77.1942 0003397  91.9307 226.2110  1.00272413 53214
NSS-9                   
1 33749U 09008A   26261.10398168  .00000068  00000+0  00000+0 0  9998
2 33749   1.4948  81.5622 0002157  81.5781  54.4000  1.00272898 64452
TELSTAR 11N             
1 34111U 09009A   26261.13162845 -.00000255  00000+0  00000+0 0  9996
2 34111   0.0135 233.1102 0002498 298.2622 195.5286  1.00271345 47175
WGS F2 (USA 204)        
1 34713U 09017A   26260.76170829  .00000000  00000+0  00000+0 0  9999
2 34713   0.0175 155.2721 0000464 328.7133 204.4320  1.00271380 46543
SES-7 (PROTOSTAR 2)     
1 34941U 09027A   26260.73278687 -.00000349  00000+0  00000+0 0  9998
2 34941   0.0510  76.9150 0000760 167.8340 123.9940  1.00270391 63559
MEASAT-3A               
1 35362U 09032A   26260.98031036 -.00000115  00000+0  00000+0 0  9995
2 35362   0.0081  34.6626 0001933 148.7766 326.3896  1.00271624  8965
EWS-G3 (GOES 14)        
1 35491U 09033A   26261.08378825 -.00000102  00000+0  00000+0 0  9997
2 35491   1.9230  81.7253 0002169  89.7880 296.4597  1.00071263  7529
FM-5                    
1 35493U 09034A   26260.62306640 -.00000205  00000+0  00000+0 0  9999
2 35493   0.0372 265.1483 0000680 165.1995  64.3696  1.00274441 47577
TERRESTAR-1             
1 35496U 09035A   26261.18494321 -.00000059  00000+0  00000+0 0  9996
2 35496   5.2257  48.6585 0002292 109.3485 154.6979  1.00273637 63066
ASIASAT 5               
1 35696U 09042A   26261.01636130 -.00000312  00000+0  00000+0 0  9996
2 35696   0.0026 175.2669 0001702 353.3347 294.7595  1.00272075 62657
JCSAT-12 (JCSAT-RA)     
1 35755U 09044A   26260.79766940 -.00000332  00000+0  00000+0 0  9993
2 35755   0.0395 275.8358 0001816 305.2709 194.8597  1.00271545 62538
OPTUS D3                
1 35756U 09044B   26260.98031036 -.00000150  00000+0  00000+0 0  9994
2 35756   0.8117 267.9459 0004196 266.7805 331.2466  1.00272991 62498
NIMIQ 5                 
1 35873U 09050A   26261.15600403 -.00000261  00000+0  00000+0 0  9994
2 35873   0.0145 214.8023 0002737 319.3276 166.4171  1.00271204 62278
AMAZONAS 2              
1 35942U 09054A   26261.15302426 -.00000263  00000+0  00000+0 0  9991
2 35942   2.0488  81.7428 0003292  87.4956 170.9422  1.00272507 62111
COMSATBW-1              
1 35943U 09054B   26261.15147522  .00000020  00000+0  00000+0 0  9996
2 35943   0.0227 164.4941 0003007  17.6906 292.4253  1.00271674 62244
NSS-12                  
1 36032U 09058A   26261.15034854  .00000067  00000+0  00000+0 0  9994
2 36032   0.0232  83.0636 0003305  51.4863 333.6583  1.00272077 61854
THOR 6                  
1 36033U 09058B   26261.13882183 -.00000014  00000+0  00000+0 0  9992
2 36033   0.0100 202.9208 0001805 343.1521 220.1438  1.00272975 61936
INTELSAT 14 (IS-14)     
1 36097U 09064A   26261.05882815 -.00000278  00000+0  00000+0 0  9994
2 36097   0.1482  84.3877 0002409  87.4420 161.3442  1.00272823 61530
EUTELSAT 36B            
1 36101U 09065A   26261.14904854  .00000108  00000+0  00000+0 0  9990
2 36101   0.7191  81.1294 0005756  92.6835 287.4129  1.00272597 61645
INTELSAT 15 (IS-15)     
1 36106U 09067A   26261.08465492 -.00000190  00000+0  00000+0 0  9992
2 36106   0.0162 125.1421 0002284  53.1789 294.3179  1.00272761 42166
WGS F3 (USA 211)        
1 36108U 09068A   26260.68711334  .00000016  00000+0  00000+0 0  9995
2 36108   0.3093  85.0570 0000552  39.0225 357.6209  1.00274569 47527
DIRECTV 12              
1 36131U 09075A   26260.61977304 -.00000108  00000+0  00000+0 0  9996
2 36131   0.0353 350.9607 0000462 115.5396  10.4585  1.00272649 47486
BEIDOU-2 G1             
1 36287U 10001A   26260.88176752 -.00000283  00000+0  00000+0 0  9990
2 36287   4.5074  60.0116 0001893 261.5408 133.1735  1.00274431 61102
SDO                     
1 36395U 10005A   26261.02891830 -.00000071  00000+0  00000+0 0  9997
2 36395  34.8428  84.9295 0001519  79.8588 100.9825  1.00275079 60995
INTELSAT 16 (IS-16)     
1 36397U 10006A   26261.05830814 -.00000151  00000+0  00000+0 0  9997
2 36397   0.0246 270.9984 0001745 277.0347 142.3300  1.01416530 60581
EWS-G2 (GOES 15)        
1 36411U 10008A   26261.15156190  .00000018  00000+0  00000+0 0  9996
2 36411   1.5281  81.8286 0005136  81.3691 311.7502  1.00272062 60577
ECHOSTAR 14             
1 36499U 10010A   26261.18294545 -.00000004  00000+0  00000+0 0  9991
2 36499   0.0194 248.3405 0001926 267.9083 147.8446  1.00271781 47480
SES-1                   
1 36516U 10016A   26261.18754897 -.00000119  00000+0  00000+0 0  9995
2 36516   0.0501 282.8018 0002538 260.4284 140.4104  1.00272400 59961
ASTRA 3B                
1 36581U 10021A   26261.14367519  .00000133  00000+0  00000+0 0  9995
2 36581   1.7026  82.2663 0003521  72.4538 277.5892  1.00274030 59795
COMSATBW-2              
1 36582U 10021B   26261.14168183  .00000084  00000+0  00000+0 0  9997
2 36582   0.0096 191.7365 0002550 354.3656 235.2647  1.00268224 59881
BEIDOU-2 G3             
1 36590U 10024A   26261.08352825 -.00000139  00000+0  00000+0 0  9992
2 36590   4.7318  61.0179 0005024   1.0562  44.6402  1.00273598 59703
BADR-5                  
1 36592U 10025A   26261.14506185  .00000150  00000+0  00000+0 0  9994
2 36592   0.0398 132.7326 0008160  80.4527 226.6664  1.00277587 54145
ARABSAT-5A              
1 36745U 10032B   26261.14506185  .00000149  00000+0  00000+0 0  9990
2 36745   0.2715  77.1206 0004038  96.3263 266.3398  1.00272217 59574
ECHOSTAR 15             
1 36792U 10034A   26261.18294595 -.00000005  00000+0  00000+0 0  9999
2 36792   0.0222 267.3027 0002566 235.0097 161.8567  1.00272183 59256
BEIDOU-2 IGSO-1         
1 36828U 10036A   26256.66970756 -.00000130  00000+0  00000+0 0  9997
2 36828  54.3037 162.1610 0058541 217.4777 320.7749  1.00289463 58981
NILESAT 201             
1 36830U 10037A   26261.13760850 -.00000062  00000+0  00000+0 0  9995
2 36830   0.0150 170.9489 0005624   7.1112 221.5513  1.00272245 59304
RASCOM-QAF 1R           
1 36831U 10037B   26261.13960183  .00000015  00000+0  00000+0 0  9994
2 36831   0.0235 123.2538 0005125  54.9389 232.0340  1.00272498 59234
AEHF-1 (USA 214)        
1 36868U 10039A   26260.57479285  .00000145  00000+0  00000+0 0  9995
2 36868   8.4490  66.8277 0003695  95.2650  71.4783  1.00279894 54586
XM-5                    
1 37185U 10053A   26261.14185497 -.00000028  00000+0  00000+0 0  9998
2 37185   0.0678 271.5788 0000416 218.4877 162.8912  1.00272760 58415
BSAT-3B                 
1 37207U 10056B   26261.06989273 -.00000354  00000+0  00000+0 0  9993
2 37207   0.0518 246.1911 0004086 317.5176 288.2974  1.00273030 53034
BEIDOU-2 G4             
1 37210U 10057A   26261.17071531 -.00000116  00000+0  00000+0 0  9995
2 37210   3.8726  68.2805 0007863 179.4745 330.7798  1.00271259 58222
SKYTERRA 1              
1 37218U 10061A   26261.18769986 -.00000121  00000+0  00000+0 0  9993
2 37218   5.3204  50.6330 0000843 143.9153 128.8633  1.00272316 58124
HYLAS 1                 
1 37237U 10065A   26260.80636720 -.00000343  00000+0  00000+0 0  9991
2 37237   5.8715  71.8346 0003520 157.4877 177.5160  1.00640395  7819
INTELSAT 17 (IS-17)     
1 37238U 10065B   26261.15208190 -.00000006  00000+0  00000+0 0  9993
2 37238   0.0180 125.2553 0002604  61.4560 291.1291  1.00272769 54188
BEIDOU-2 IGSO-2         
1 37256U 10068A   26257.62250972 -.00000181  00000+0  00000+0 0  9992
2 37256  47.3877 270.7098 0057279 216.3042 196.5564  1.00253744 57691
EUTELSAT KA-SAT 9A      
1 37258U 10069A   26261.14081516  .00000058  00000+0  00000+0 0  9995
2 37258   0.0739 352.9451 0005401 173.5135 250.3166  1.00272178 44931
HISPASAT 30W-5          
1 37264U 10070A   26261.13310181 -.00000220  00000+0  00000+0 0  9998
2 37264   0.0238 132.0026 0005676  37.3967 205.5698  1.00269715 54117
KOREASAT 6              
1 37265U 10070B   26261.14975316 -.00000116  00000+0  00000+0 0  9991
2 37265   0.0175 191.7083 0002014 356.9949  22.1575  1.00272680 57706
BEIDOU-2 IGSO-3         
1 37384U 11013A   26254.72041400 -.00000177  00000+0  00000+0 0  9992
2 37384  62.5388  39.3441 0034682 183.6392 132.9930  1.00292639 56525
INTELSAT 28 (IS-28)     
1 37392U 11016A   26261.13275513 -.00000229  00000+0  00000+0 0  9999
2 37392   2.0394  81.3686 0003594  97.7855 194.0371  1.00272699 54211
YAHSAT 1A               
1 37393U 11016B   26261.14939522  .00000097  00000+0  00000+0 0  9990
2 37393   0.0139 156.5833 0001990 359.0540 307.7305  1.00270142 43342
SBIRS GEO-1 (USA 230)   
1 37481U 11019A   26260.50779922  .00000096  00000+0  00000+0 0  9995
2 37481   4.7374  52.9870 0001755 133.7373  44.3456  1.00272700 56327
GSAT-8                  
1 37605U 11022A   26261.00013939  .00000080  00000+0  00000+0 0  9995
2 37605   2.3640  80.5876 0005900 157.0238 174.4836  1.00274176 54147
ST-2                    
1 37606U 11022B   26261.08517492 -.00000216  00000+0  00000+0 0  9999
2 37606   0.0175 186.9134 0001617 350.0693 298.7063  1.00273587 56212
ZHONGXING-10            
1 37677U 11026A   26259.97011057 -.00000193  00000+0  00000+0 0  9996
2 37677   1.2775  82.9635 0002613  69.1325 278.5051  1.00272197 55912
SES-3                   
1 37748U 11035A   26261.18701227 -.00000106  00000+0  00000+0 0  9990
2 37748   1.5602  81.8982 0002385 106.4058 133.1520  1.00272344 55528
KAZSAT-2                
1 37749U 11035B   26261.08491492 -.00000202  00000+0  00000+0 0  9997
2 37749   0.0156 350.8904 0001146 237.6365 245.5903  1.00272378 54330
BEIDOU-2 IGSO-4         
1 37763U 11038A   26259.81281039 -.00000111  00000+0  00000+0 0  9997
2 37763  54.6034 164.8585 0160480 230.9760 346.7758  1.00267714 55562
ASTRA 1N                
1 37775U 11041A   26261.14280852  .00000115  00000+0  00000+0 0  9998
2 37775   0.0763  24.7426 0004937 122.8652 280.0938  1.00269718 45453
BSAT-3C (JCSAT-110R)    
1 37776U 11041B   26261.06989273 -.00000355  00000+0  00000+0 0  9990
2 37776   0.0366 353.8145 0000276 250.1178 248.1787  1.00270858 51403
SES-2                   
1 37809U 11049A   26261.19124487 -.00000200  00000+0  00000+0 0  9996
2 37809   0.2905  87.3703 0002887  84.0453 167.5578  1.00272805 54892
ARABSAT-5C              
1 37810U 11049B   26261.14298184  .00000119  00000+0  00000+0 0  9997
2 37810   0.0540   2.6137 0003928 183.3662 242.5824  1.00269747 54967
EUTELSAT 7 WEST A       
1 37816U 11051A   26261.13760850 -.00000064  00000+0  00000+0 0  9999
2 37816   0.0638   1.9323 0006043 173.2877 224.0726  1.00272670 54805
QUETZSAT 1              
1 37826U 11054A   26261.10910700 -.00000246  00000+0  00000+0 0  9993
2 37826   0.0274 285.6553 0002644 263.2028 130.4507  1.00270707 50801
INTELSAT 18 (IS-18)     
1 37834U 11056A   26261.14419843  .00000049  00000+0  00000+0 0  9990
2 37834   0.0382 263.6416 0002031 276.7539  48.5961  1.00273602 54747
EUTELSAT 16A            
1 37836U 11057A   26261.14220184  .00000100  00000+0  00000+0 0  9999
2 37836   0.1014  64.6218 0005503 111.9077 247.7256  1.00272157  8265
VIASAT-1                
1 37843U 11059A   26260.61725970 -.00000028  00000+0  00000+0 0  9993
2 37843   0.0172 195.3006 0002125 330.2788 298.0887  1.00271845 48251
ASIASAT 7               
1 37933U 11069A   26261.08864162 -.00000338  00000+0  00000+0 0  9997
2 37933   0.0176 141.0156 0001832   0.7294 352.6772  1.00274543 45798
BEIDOU-2 IGSO-5         
1 37948U 11073A   26253.79533384 -.00000160  00000+0  00000+0 0  9999
2 37948  47.5267 270.4734 0116651 224.1508 237.2700  1.00279182 53990
LUCH-5A                 
1 37951U 11074B   26261.24336267 -.00000052  00000+0  00000+0 0  9994
2 37951   8.9836  72.4176 0003968 123.3533  55.9764  1.00273882 53986
NIGCOMSAT 1R            
1 38014U 11077A   26261.14748853  .00000141  00000+0  00000+0 0  9993
2 38014   0.0484 243.1930 0002683  99.9423 109.5864  1.00269205 53883
WGS F4 (USA 233)        
1 38070U 12003A   26260.96011713 -.00000219  00000+0  00000+0 0  9999
2 38070   0.0129 144.6503 0000517 262.6435  23.6216  1.00271438 45078
SES-4                   
1 38087U 12007A   26261.13466181 -.00000172  00000+0  00000+0 0  9992
2 38087   0.0182  62.2429 0002342 124.6502 196.6575  1.00272335 53151
BEIDOU-2 G5             
1 38091U 12008A   26261.07936824  .00000054  00000+0  00000+0 0  9995
2 38091   3.8001  69.0201 0006669 239.9880 135.2592  1.00270286 53303
MUOS-1                  
1 38093U 12009A   26260.47775878 -.00000131  00000+0  00000+0 0  9998
2 38093   5.6624  46.9799 0052383   3.8624  17.6101  1.00271323 53379
INTELSAT 22 (IS-22)     
1 38098U 12011A   26261.08205492 -.00000064  00000+0  00000+0 0  9999
2 38098   0.0223 235.0973 0001912 302.5568 281.0350  1.00275557  8119
APSTAR-7                
1 38107U 12013A   26261.15416191 -.00000106  00000+0  00000+0 0  9997
2 38107   0.0095 207.5520 0002607 321.4183 320.1260  1.00272099 52756
YAHSAT 1B               
1 38245U 12016A   26261.14844186  .00000122  00000+0  00000+0 0  9998
2 38245   0.1044  88.3814 0001115  74.7343 295.0129  1.00271921 46541
AEHF-2 (USA 235)        
1 38254U 12019A   26261.13578847 -.00000137  00000+0  00000+0 0  9995
2 38254   6.8608  56.7418 0002647 138.1251 194.6321  1.00271435  7919
JCSAT-13                
1 38331U 12023A   26260.80723387 -.00000360  00000+0  00000+0 0  9998
2 38331   0.0176 244.2959 0002364 280.8567 246.2171  1.00271915 52477
VINASAT-2               
1 38332U 12023B   26261.02242800 -.00000333  00000+0  00000+0 0  9990
2 38332   0.0396 318.1747 0002082 209.4884 329.2121  1.00270667 47591
NIMIQ 6                 
1 38342U 12026A   26261.19033030 -.00000178  00000+0  00000+0 0  9992
2 38342   0.0160 252.8047 0002843 281.5962 160.1445  1.00271952 51359
ZHONGXING-2A            
1 38352U 12028A   26261.08716828 -.00000297  00000+0  00000+0 0  9998
2 38352   1.6881  82.5607 0001041 134.8616 269.2480  1.00270575 52230
INTELSAT 19 (IS-19)     
1 38356U 12030A   26261.11641855 -.00000060  00000+0  00000+0 0  9994
2 38356   0.0163 123.4812 0003095  57.0384  24.4499  1.00272085 51386
ECHOSTAR 17             
1 38551U 12035A   26261.18711403 -.00000080  00000+0  00000+0 0  9992
2 38551   0.0182 150.5096 0002032  24.5674 142.3082  1.00271751 51994
METEOSAT-10 (MSG-3)     
1 38552U 12035B   26261.13908183 -.00000010  00000+0  00000+0 0  9994
2 38552   4.8870  60.4943 0000899  97.9878 248.7181  1.00272345 51788
SES-5                   
1 38652U 12036A   26261.14003516  .00000000  00000+0  00000+0 0  9991
2 38652   0.0177  34.9224 0002138 134.4553 243.0748  1.00271016 45380
INTELSAT 20 (IS-20)     
1 38740U 12043A   26261.15260190 -.00000029  00000+0  00000+0 0  9993
2 38740   0.0096 166.7307 0001908   2.0875 311.7059  1.00272069 51682
HYLAS 2                 
1 38741U 12043B   26261.13544182 -.00000101  00000+0  00000+0 0  9999
2 38741   2.6592  79.8317 0003570 156.9023 151.0562  1.00522647 51705
INTELSAT 21 (IS-21)     
1 38749U 12045A   26261.12755509 -.00000289  00000+0  00000+0 0  9992
2 38749   0.0183 147.9690 0002075  17.1695 179.8587  1.00272492 51451
ASTRA 2F                
1 38778U 12051A   26261.14462852  .00000146  00000+0  00000+0 0  9990
2 38778   0.0805 259.1841 0004545 305.6111 232.5763  1.00276413 42067
GSAT-10                 
1 38779U 12051B   26261.15546191 -.00000170  00000+0  00000+0 0  9999
2 38779   0.0402 266.9618 0005546 206.4586  22.6518  1.00273181 51037
INTELSAT 23 (IS-23)     
1 38867U 12057A   26261.08725374 -.00000289  00000+0  00000+0 0  9998
2 38867   0.0305 268.3743 0001755 338.9548  88.0995  1.00268837 50888
BEIDOU-2 G6             
1 38953U 12059A   26261.08439493 -.00000178  00000+0  00000+0 0  9997
2 38953   4.6511  72.4627 0006914 324.8630  74.0658  1.00270014 50843
LUCH-5B                 
1 38977U 12061A   26261.20702880 -.00000139  00000+0  00000+0 0  9990
2 38977  10.6806  48.9316 0005785 164.2979 202.1156  1.00273393 50540
YAMAL 300K              
1 38978U 12061B   26261.17522199  .00000068  00000+0  00000+0 0  9990
2 38978   0.0098 204.0676 0000696 229.5612 169.5109  1.00277728 50568
STAR ONE C3             
1 38991U 12062A   26261.15600403 -.00000253  00000+0  00000+0 0  9996
2 38991   0.0296  88.3620 0002047  77.2044 172.6871  1.00272657 50695
EUTELSAT 21B            
1 38992U 12062B   26261.14332852  .00000126  00000+0  00000+0 0  9994
2 38992   0.0690 357.8452 0002932 175.3615 257.0560  1.00272203 50755
ECHOSTAR 16             
1 39008U 12065A   26260.55659277 -.00000286  00000+0  00000+0 0  9991
2 39008   0.0178 157.8653 0002141  19.2699 318.2318  1.00273524 50574
ZHONGXING-12            
1 39017U 12067A   26261.08508826 -.00000211  00000+0  00000+0 0  9993
2 39017   0.0066 154.8881 0002702  15.7767 304.4767  1.00270669 50448
EUTELSAT 70B            
1 39020U 12069A   26261.15286190 -.00000048  00000+0  00000+0 0  9992
2 39020   0.0648 351.1512 0003722 187.2346 304.2381  1.00270960 50446
YAMAL 402               
1 39022U 12070A   26261.22115553  .00000082  00000+0  00000+0 0  9995
2 39022   1.4969  82.8351 0003574  87.3609 321.4782  1.00271226 50335
SKYNET 5D               
1 39034U 12075A   26261.14948189  .00000094  00000+0  00000+0 0  9996
2 39034   0.0722 347.1988 0003978 198.8365 277.6332  1.00276200 50091
MEXSAT 3                
1 39035U 12075B   26261.18387411 -.00000030  00000+0  00000+0 0  9997
2 39035   0.0137 117.0562 0001534 118.5875  72.9099  1.00272677  7985
TDRS 11                 
1 39070U 13004A   26261.12753038  .00000076  00000+0  00000+0 0  9994
2 39070   3.6626  32.6123 0003343  42.9788 152.9899  1.00269475 47628
AMAZONAS 3              
1 39078U 13006A   26261.19820383 -.00000287  00000+0  00000+0 0  9994
2 39078   0.0388 231.0142 0005143 324.9764 171.4674  1.00269301 45853
AZERSPACE 1             
1 39079U 13006B   26261.14818186  .00000128  00000+0  00000+0 0  9991
2 39079   0.0165 201.5374 0001642 351.2743 263.6339  1.00275335 49733
SBIRS GEO-2 (USA 241)   
1 39120U 13011A   26261.18870954 -.00000148  00000+0  00000+0 0  9992
2 39120   4.6880  52.4437 0002518 143.8568 131.9567  1.00270097 49460
EUTELSAT 117 WEST A     
1 39122U 13012A   26261.18340340 -.00000017  00000+0  00000+0 0  9991
2 39122   0.0359 323.7932 0002872 207.4271 135.1261  1.00271494 49366
ANIK G1                 
1 39127U 13014A   26261.18711479 -.00000078  00000+0  00000+0 0  9990
2 39127   0.0169 200.4768 0002822 346.2670 130.4418  1.00272681 49189
ZHONGXING-11            
1 39157U 13020A   26261.08716828 -.00000295  00000+0  00000+0 0  9993
2 39157   0.0385 299.2718 0001232 174.5563  12.4956  1.00271608 48835
EUTELSAT 7B             
1 39163U 13022A   26261.14220184  .00000100  00000+0  00000+0 0  9998
2 39163   0.0659 351.1847 0004829 113.4238 319.6650  1.00273327 48870
WGS F5 (USA 243)        
1 39168U 13024A   26261.08725374  .00000000  00000+0  00000+0 0  9998
2 39168   0.0196 161.8867 0000523  14.2307 159.8075  1.00269676 48104
SES-6                   
1 39172U 13026A   26261.13102178 -.00000265  00000+0  00000+0 0  9996
2 39172   0.0450 304.7449 0002413 233.5363 185.4615  1.00272218 48655
IRNSS-1A                
1 39199U 13034A   26253.98563273  .00000076  00000+0  00000+0 0  9994
2 39199  35.9094  62.6436 0019988 178.1079 159.1335  1.00274175 48228
MUOS-2                  
1 39206U 13036A   26261.14419843 -.00000015  00000+0  00000+0 0  9999
2 39206   5.1792  45.5471 0057276 177.8472 357.5685  1.00272572 48125
ALPHASAT                
1 39215U 13038A   26261.14393519  .00000132  00000+0  00000+0 0  9991
2 39215   3.0037   0.6987 0003498 187.3903 245.6652  1.00271488 44953
INSAT-3D                
1 39216U 13038B   26260.86294595 -.00000343  00000+0  00000+0 0  9999
2 39216   2.1583  81.2665 0001315 108.2930 247.4197  1.00270762 48004
WGS F6 (USA 244)        
1 39222U 13041A   26260.68460000  .00000000  00000+0  00000+0 0  9995
2 39222   0.0205 158.7951 0000108 265.9212  43.1443  1.00272000 46998
ES'HAIL 1               
1 39233U 13044A   26261.14410852  .00000139  00000+0  00000+0 0  9995
2 39233   0.0494   0.4022 0002293 169.6299 264.4059  1.00273641 47550
GSAT-7                  
1 39234U 13044B   26261.15364190 -.00000082  00000+0  00000+0 0  9998
2 39234   0.3135  86.8024 0005106 164.9797 234.6262  1.00272456 46190
AMOS-4                  
1 39237U 13045A   26261.15190855  .00000003  00000+0  00000+0 0  9999
2 39237   0.0325 242.3705 0001230 282.1596 312.2596  1.00270984 47895
AEHF-3 (USA 246)        
1 39256U 13050A   26261.18133205  .00000026  00000+0  00000+0 0  9990
2 39256   5.5185  66.2753 0092198 188.5380  43.3449  1.00270046 46582
ASTRA 2E                
1 39285U 13056A   26261.14471520  .00000146  00000+0  00000+0 0  9992
2 39285   0.1012 300.6246 0002381 240.6780 256.3675  1.00273821 47352
FM-6                    
1 39360U 13058A   26261.18340375  .00000000  00000+0  00000+0 0  9994
2 39360   0.0227 136.3826 0001421 127.4066  42.9638  1.00272427 47005
RADUGA-1M 3             
1 39375U 13062A   26261.14592852  .00000150  00000+0  00000+0 0  9996
2 39375   6.1913  71.1486 0002165 304.8461  68.5773  1.00272909 47047
SES-8                   
1 39460U 13071A   26260.78499736 -.00000273  00000+0  00000+0 0  9994
2 39460   0.0358 266.1979 0002018 249.5307 218.5815  1.00270441 45357
INMARSAT 5-F1           
1 39476U 13073A   26261.00027845  .00000023  00000+0  00000+0 0  9999
2 39476   0.0177 149.0494 0000389 338.5830 292.0474  1.00272971 46509
TKSAT-1 (TUPAC KATARI)  
1 39481U 13075A   26261.19124527 -.00000199  00000+0  00000+0 0  9997
2 39481   0.0398 358.4464 0002159 158.8992 181.4337  1.00272745 46533
EXPRESS-AM5             
1 39487U 13077A   26261.30932286 -.00000284  00000+0  00000+0 0  9992
2 39487   0.0260 249.8679 0001895 241.5211 117.2361  1.00272045 47299
GSAT-14                 
1 39498U 14001A   26261.15364190 -.00000082  00000+0  00000+0 0  9994
2 39498   0.0145 231.5628 0005186 346.9374 267.8999  1.00272667 46313
THAICOM 6               
1 39500U 14002A   26260.72689351 -.00000125  00000+0  00000+0 0  9998
2 39500   0.0422 120.5819 0003752  32.7545 183.5191  1.00270870 46380
TDRS 12                 
1 39504U 14004A   26261.05969480 -.00000273  00000+0  00000+0 0  9999
2 39504   4.0751  20.4966 0006455 215.3046 101.7136  1.00268868 45207
ABS-2                   
1 39508U 14006A   26261.15390191 -.00000090  00000+0  00000+0 0  9990
2 39508   0.0163 205.8940 0003437 325.1326 316.4002  1.00272027 46214
ATHENA-FIDUS            
1 39509U 14006B   26261.14653520  .00000150  00000+0  00000+0 0  9994
2 39509   0.0093 179.6655 0001778   7.0253 260.9609  1.00274953 46013
TURKSAT 4A              
1 39522U 14007A   26261.14731521  .00000142  00000+0  00000+0 0  9999
2 39522   0.0672 289.7466 0003482 314.7682 207.5820  1.00272527 45906
EXPRESS-AT1             
1 39612U 14010A   26261.15398858 -.00000108  00000+0  00000+0 0  9999
2 39612   0.4910  84.4631 0004965  79.5880 324.1318  1.00315707 45751
EXPRESS-AT2             
1 39613U 14010B   26261.15008854  .00000074  00000+0  00000+0 0  9995
2 39613   0.0187 246.1276 0000415 228.2929 352.6966  1.00272432 45436
AMAZONAS 4A             
1 39616U 14011A   26261.15600403 -.00000257  00000+0  00000+0 0  9991
2 39616   0.0503 170.0913 0006101  14.5328 154.6371  1.00272237 45647
ASTRA 5B                
1 39617U 14011B   26261.14367519  .00000133  00000+0  00000+0 0  9991
2 39617   0.0912 297.5642 0002923 256.4570 238.2639  1.00272580 45591
IRNSS-1B                
1 39635U 14017A   26261.00752125  .00000119  00000+0  00000+0 0  9997
2 39635  28.7671 238.8088 0020116 191.5190 344.3611  1.00271608 45727
LUCH-5V                 
1 39727U 14023A   26261.01523463 -.00000271  00000+0  00000+0 0  9998
2 39727   5.3591  68.7275 0002650 137.2088 251.2129  1.00269509 45294
KAZSAT-3                
1 39728U 14023B   26261.15060854  .00000056  00000+0  00000+0 0  9994
2 39728   0.0145 254.9947 0000020  47.1220 167.6927  1.00274026 43398
EUTELSAT 3B             
1 39773U 14030A   26261.13960183  .00000016  00000+0  00000+0 0  9990
2 39773   0.0623 350.5020 0004151 183.1706 236.7668  1.00270953 44995
ASIASAT 8 (AMOS-7)      
1 40107U 14046A   26261.06989273  .00000000  00000+0  00000+0 0  9996
2 40107   0.0201 144.0946 0001638  20.2952 323.0766  1.00270868103084
ASIASAT 6               
1 40141U 14052A   26260.94893448 -.00000366  00000+0  00000+0 0  9991
2 40141   0.0170 249.6191 0000901 276.9301 291.8591  1.00270720 44013
OPTUS 10                
1 40146U 14054A   26261.14975316 -.00000151  00000+0  00000+0 0  9998
2 40146   0.1016  24.0423 0002043 148.4974  34.4656  1.00271028 43967
MEASAT-3B               
1 40147U 14054B   26261.08586828 -.00000246  00000+0  00000+0 0  9993
2 40147   0.0432  40.9724 0001220  71.6316   6.8459  1.00270521 43852
HIMAWARI-8              
1 40267U 14060A   26260.95300784 -.00000280  00000+0  00000+0 0  9991
2 40267   0.0096 205.8360 0001237 356.3847 278.3941  1.00268935 43699
IRNSS-1C                
1 40269U 14061A   26261.08422160 -.00000165  00000+0  00000+0 0  9994
2 40269   6.7487  87.1405 0019922  10.2383  12.9942  1.00270349 43628
INTELSAT 30 (IS-30)     
1 40271U 14062A   26260.92504095 -.00000156  00000+0  00000+0 0  9998
2 40271   0.0136  96.1921 0002018 329.6292 169.0242  1.00274761  7726
ARSAT 1                 
1 40272U 14062B   26261.15600403 -.00000264  00000+0  00000+0 0  9995
2 40272   0.0093 231.3958 0001710 290.3360 179.7127  1.00271477 43552
EUTELSAT 53A            
1 40277U 14064A   26260.96053778  .00000000  00000+0  00000+0 0  9994
2 40277   0.0190 163.2234 0001849  23.7778 208.6734  1.00270513 42497
GSAT-16                 
1 40332U 14078A   26261.14991522  .00000080  00000+0  00000+0 0  9998
2 40332   0.0178 189.1719 0005909 283.1545 353.8128  1.00273893 43052
DIRECTV 14              
1 40333U 14078B   26261.12147933  .00000000  00000+0  00000+0 0  9998
2 40333   0.0136 132.2867 0000998 316.0882 213.1667  1.00270011 42978
YAMAL 401               
1 40345U 14082A   26261.08560828 -.00000233  00000+0  00000+0 0  9992
2 40345   0.0164 211.8281 0000614  26.6087 239.3475  1.00272790 42852
ASTRA 2G                
1 40364U 14089A   26261.14462852  .00000146  00000+0  00000+0 0  9997
2 40364   0.0483   1.6300 0002881  92.9746 342.7122  1.00274186 42893
FENGYUN 2G              
1 40367U 14090A   26261.01618796 -.00000306  00000+0  00000+0 0  9997
2 40367   5.8677  71.6486 0003639 186.0011 204.9028  1.00272822 42932
MUOS-3                  
1 40374U 15002A   26261.13596182 -.00000131  00000+0  00000+0 0  9992
2 40374   4.6990  43.7953 0058104 178.7675 167.9746  1.00273365 42517
INMARSAT 5-F2           
1 40384U 15005A   26261.12816177 -.00000290  00000+0  00000+0 0  9990
2 40384   0.0184 161.1277 0000812 349.8004 197.2617  1.00271914 41922
ABS-3A                  
1 40424U 15010A   26261.13838850 -.00000030  00000+0  00000+0 0  9996
2 40424   0.0038 180.2725 0002074 301.6921 281.9346  1.00272699 42305
EUTELSAT 115 WEST B     
1 40425U 15010B   26261.18387387 -.00000029  00000+0  00000+0 0  9994
2 40425   0.0414 344.7110 0000031 250.8255  72.8755  1.00271182 42313
EXPRESS-AM7             
1 40505U 15012A   26261.14696853  .00000146  00000+0  00000+0 0  9991
2 40505   0.0118 230.8704 0003128 302.3449 276.7885  1.00269440 41935
BEIDOU-3S IGSO-1S       
1 40549U 15019A   26259.06101544 -.00000163  00000+0  00000+0 0  9992
2 40549  49.0213 294.3587 0038861 201.0354 337.5544  1.00288882 41982
THOR 7                  
1 40613U 15022A   26261.13890850 -.00000012  00000+0  00000+0 0  9997
2 40613   0.0093 163.2932 0002615  11.3459 231.7852  1.00272300 41740
TURKMENALEM52E/MONACOSAT
1 40617U 15023A   26261.14930854  .00000100  00000+0  00000+0 0  9999
2 40617   0.0180 147.3787 0003014  23.1492 292.3483  1.00270015 41782
DIRECTV 15              
1 40663U 15026A   26260.61968638 -.00000107  00000+0  00000+0 0  9993
2 40663   0.0176 107.3417 0000675  34.6450 334.7941  1.00273096 41394
SKY MEXICO-1            
1 40664U 15026B   26261.16155891 -.00000239  00000+0  00000+0 0  9990
2 40664   0.0194 252.6182 0002080 278.2544 165.5958  1.00272025 41388
METEOSAT-11 (MSG-4)     
1 40732U 15034A   26261.14090183  .00000058  00000+0  00000+0 0  9993
2 40732   3.4289  70.4328 0000562  83.8623 262.7641  1.00274076  8149
STAR ONE C4             
1 40733U 15034B   26261.12521509 -.00000269  00000+0  00000+0 0  9998
2 40733   0.0268 355.4797 0000922 175.2052 161.4587  1.00271898 40945
WGS F7 (USA 263)        
1 40746U 15036A   26260.74274139  .00000014  00000+0  00000+0 0  9992
2 40746   0.0134 163.9132 0000455 283.8994 351.2542  1.00272858 40798
INTELSAT 34 (IS-34)     
1 40874U 15039A   26261.12807512 -.00000290  00000+0  00000+0 0  9994
2 40874   0.0118 354.0841 0000240  53.0353 300.5545  1.00271286 40569
EUTELSAT 8 WEST B       
1 40875U 15039B   26261.13743514 -.00000070  00000+0  00000+0 0  9993
2 40875   0.0669 358.9065 0003643 178.1385 221.5199  1.00271105 40585
GSAT-6                  
1 40880U 15041A   26261.15537523 -.00000165  00000+0  00000+0 0  9990
2 40880   2.1527  81.3120 0002924  99.6164 314.5942  1.00273725 40533
INMARSAT 5-F3           
1 40882U 15042A   26260.77317333  .00000046  00000+0  00000+0 0  9992
2 40882   0.0189 153.0070 0001156 232.7768  68.8313  1.00271415 40493
MUOS-4                  
1 40887U 15044A   26260.71364288 -.00000096  00000+0  00000+0 0  9990
2 40887   4.5031  42.6537 0053072   3.7574 282.1346  1.00272506 40487
TJS-1                   
1 40892U 15046A   26261.14975316 -.00000160  00000+0  00000+0 0  9998
2 40892   0.5564  83.9704 0003400  69.3008  52.7472  1.00273295 40504
EXPRESS-AM8             
1 40895U 15048A   26261.20754880 -.00000115  00000+0  00000+0 0  9991
2 40895   0.0162 204.1280 0000501 246.3464 327.3882  1.00272318 40279
BEIDOU-3S IGSO-2S       
1 40938U 15053A   26256.94298389 -.00000126  00000+0  00000+0 0  9999
2 40938  49.0903 257.7169 0065525 192.6497 337.8155  1.00284621 40245
SKY MUSTER 1 (NBN1A)    
1 40940U 15054A   26260.95300784 -.00000283  00000+0  00000+0 0  9996
2 40940   0.0133 229.8369 0001706 295.5642 314.8244  1.00271517 40196
ARSAT 2                 
1 40941U 15054B   26261.19333374  .00000000  00000+0  00000+0 0  9991
2 40941   0.0098 179.0265 0001887 353.5136 173.1726  1.00269165 40233
MORELOS 3               
1 40946U 15056A   26261.18418127 -.00000046  00000+0  00000+0 0  9998
2 40946   3.2719  17.3240 0003251 182.4274 110.5707  1.00272014 40218
APSTAR-9                
1 40982U 15059A   26260.73946023 -.00000270  00000+0  00000+0 0  9991
2 40982   0.0377  42.8547 0002535 136.7336 225.2855  1.00269834 40035
TURKSAT 4B              
1 40984U 15060A   26261.14896189  .00000000  00000+0  00000+0 0  9998
2 40984   0.0193 154.9387 0002093  23.7698 281.9689  1.00271407 40038
ZHONGXING-2C            
1 41021U 15063A   26261.08820829 -.00000328  00000+0  00000+0 0  9999
2 41021   0.5072  86.6618 0009730 115.1758 290.3876  1.00270743 39917
GSAT-15                 
1 41028U 15065A   26261.08630161 -.00000262  00000+0  00000+0 0  9993
2 41028   0.0268 251.7847 0001985 257.6190 332.1496  1.00272616 39735
BADR-7 (ARABSAT-6B)     
1 41029U 15065B   26261.14419519  .00000141  00000+0  00000+0 0  9998
2 41029   0.0267 214.5422 0006408   5.1270 215.3039  1.00273403 39696
LAOSAT 1                
1 41034U 15067A   26261.00808670 -.00000347  00000+0  00000+0 0  9990
2 41034   0.0412   4.2524 0002454 111.1803  12.9468  1.00271912 39799
TELSTAR 12V             
1 41036U 15068A   26261.13604847 -.00000123  00000+0  00000+0 0  9999
2 41036   0.0165 240.7478 0002354 294.9270 215.3786  1.00272497 39553
ELEKTRO-L 2             
1 41105U 15074A   26261.20746213 -.00000120  00000+0  00000+0 0  9992
2 41105   6.9221  69.3421 0001599 195.5164 152.4555  1.00272535 39434
COSMOS 2513             
1 41121U 15075A   26261.15494191 -.00000142  00000+0  00000+0 0  9994
2 41121   0.0471 103.9053 0001238  95.2718 293.9503  1.00270973 39484
EXPRESS-AMU1            
1 41191U 15082A   26261.14618852  .00000151  00000+0  00000+0 0  9999
2 41191   0.0176 154.4983 0002377  26.9610 264.3313  1.00272282 39197
GAOFEN-4                
1 41194U 15083A   26261.01740131 -.00000339  00000+0  00000+0 0  9994
2 41194   0.5908  83.2710 0003521 135.5328 250.1028  1.00269564 39465
BELINTERSAT-1           
1 41238U 16001A   26261.14922189  .00000103  00000+0  00000+0 0  9991
2 41238   0.0320  78.9991 0000797  23.8668 359.4469  1.00269780 39177
IRNSS-1E                
1 41241U 16003A   26260.87587417 -.00000293  00000+0  00000+0 0  9998
2 41241  33.4353  58.4104 0021599 180.5642 185.0023  1.00274228 39017
EUTELSAT 9B             
1 41310U 16005A   26261.14081516  .00000057  00000+0  00000+0 0  9994
2 41310   0.0425  62.5207 0002364 147.8072 206.4429  1.00270675 39049
SES-9                   
1 41380U 16013A   26261.01792131  .00000000  00000+0  00000+0 0  9996
2 41380   0.0104 154.6026 0001907 332.4290 344.6678  1.00268750 38375
EUTELSAT 65 WEST A      
1 41382U 16014A   26261.09729220 -.00000281  00000+0  00000+0 0  9998
2 41382   0.0657 321.1386 0002220 208.4423 157.2879  1.00271490 38454
IRNSS-1F                
1 41384U 16015A   26261.02316772  .00000154  00000+0  00000+0 0  9996
2 41384   5.5768  94.6356 0020170 175.6166 127.6144  1.00277967 38597
BEIDOU-2 IGSO-6         
1 41434U 16021A   26257.85044856 -.00000159  00000+0  00000+0 0  9992
2 41434  60.3585  37.1534 0061815 228.1873 131.0420  1.00282269 38372
IRNSS-1G                
1 41469U 16027A   26260.92683536 -.00000339  00000+0  00000+0 0  9992
2 41469   5.4203  95.3184 0002823  39.9676 324.5873  1.00279731 38110
JCSAT-2B                
1 41471U 16028A   26260.98031036 -.00000169  00000+0  00000+0 0  9995
2 41471   0.0178 160.8712 0001019 359.4169 343.5502  1.00271570 38060
THAICOM 8               
1 41552U 16031A   26261.15459523 -.00000125  00000+0  00000+0 0  9996
2 41552   0.0757  30.9665 0001083  77.3322  22.9466  1.00270931 37656
INTELSAT 31 (IS-31)     
1 41581U 16035A   26260.55000606 -.00000155  00000+0  00000+0 0  9992
2 41581   0.0192 227.3356 0001146  43.6654 188.4536  1.00271012 37606
BEIDOU-2 G7             
1 41586U 16037A   26261.01835464 -.00000357  00000+0  00000+0 0  9993
2 41586   1.9452  69.6725 0005351 353.7905  50.6677  1.00273645  7824
ABS-2A (MONGOLSAT-1)    
1 41588U 16038A   26261.15381523  .00000000  00000+0  00000+0 0  9997
2 41588   0.0158 166.1483 0001802 311.0836   9.9385  1.00269754 37642
EUTELSAT 117 WEST B     
1 41589U 16038B   26261.18340322 -.00000016  00000+0  00000+0 0  9991
2 41589   0.0130 327.5696 0000301 280.1024  58.4767  1.00272303 37591
BRISAT                  
1 41591U 16039A   26260.98031036 -.00000200  00000+0  00000+0 0  9996
2 41591   0.0153 217.1479 0002171 309.3467 333.8327  1.00272077 37549
ECHOSTAR 18             
1 41592U 16039B   26260.41411150 -.00000287  00000+0  00000+0 0  9999
2 41592   0.0176 157.8346 0001637   9.9559 276.3041  1.00273960 37545
MUOS-5                  
1 41622U 16041A   26261.18708859 -.00000161  00000+0  00000+0 0  9997
2 41622   2.0140 303.7811 0203902 260.7695 114.9447  1.00272083 38024
TIANTONG-1 1            
1 41725U 16048A   26260.94529447 -.00000320  00000+0  00000+0 0  9992
2 41725   4.0280  44.0129 0002353  81.1782 313.4218  1.00271873 37208
JCSAT-16                
1 41729U 16050A   26261.16742197 -.00000255  00000+0  00000+0 0  9990
2 41729   0.0182 171.2516 0001020 358.2889  31.7891  1.00271135 37004
USA 270                 
1 41744U 16052A   26258.31296212 -.00000356  00000+0  00000+0 0  9996
2 41744   4.4220  75.9907 0008398 115.7162  41.5793  1.00270050 29030
USA 271                 
1 41745U 16052B   26258.08333147  .00000061  00000+0  00000+0 0  9992
2 41745   4.3952  76.0678 0002762 171.8470 183.0051  0.99060313 28813
INTELSAT 36 (IS-36)     
1 41747U 16053A   26260.78203166  .00000000  00000+0  00000+0 0  9995
2 41747   0.0137 126.5083 0001694 229.5498 350.6901  1.00271888 36884
INSAT-3DR               
1 41752U 16054A   26261.08240159 -.00000082  00000+0  00000+0 0  9990
2 41752   0.0412  97.5416 0011611 166.8006 196.3527  1.00272347 36757
GSAT-18                 
1 41793U 16060A   26261.15364190 -.00000081  00000+0  00000+0 0  9991
2 41793   0.0117 126.8569 0002946 350.1708   9.3338  1.00271758 36463
SKY MUSTER 2 (NBN1B)    
1 41794U 16060B   26261.16759529 -.00000248  00000+0  00000+0 0  9992
2 41794   0.0122 223.8809 0001557 302.3518  36.0087  1.00272220 36452
HIMAWARI-9              
1 41836U 16064A   26260.95309449  .00000000  00000+0  00000+0 0  9996
2 41836   0.0129 166.9518 0001806  61.3211 252.4816  1.00271099 36142
SHIJIAN-17 (SJ-17)      
1 41838U 16065A   26261.01618795 -.00000228  00000+0  00000+0 0  9997
2 41838   5.9826  71.4394 0001827  71.1397 319.9403  0.99855719 36135
GOES 16                 
1 41866U 16071A   26261.18662522 -.00000095  00000+0  00000+0 0  9992
2 41866   0.5651  84.4643 0001620 126.7765 108.3854  1.00271876 36039
TIANLIAN 1-04           
1 41869U 16072A   26261.17409532  .00000026  00000+0  00000+0 0  9998
2 41869   1.1015  82.0369 0047028  96.4461  58.0705  1.00271668 36237
WGS F8 (USA 272)        
1 41879U 16075A   26260.79010515 -.00000206  00000+0  00000+0 0  9999
2 41879   0.0194 131.1852 0000049  95.7569 204.0222  1.00272311 35748
FENGYUN 4A              
1 41882U 16077A   26260.94954116 -.00000362  00000+0  00000+0 0  9999
2 41882   2.5513  79.1005 0007909 166.3627 216.3766  1.00269580 35863
ECHOSTAR 19             
1 41893U 16079A   26260.54957273 -.00000143  00000+0  00000+0 0  9993
2 41893   0.0194 162.1666 0001314   1.2434 293.8286  1.00270239 35620
JCSAT-110A (JCSAT-15)   
1 41903U 16082A   26261.06989273 -.00000355  00000+0  00000+0 0  9997
2 41903   0.0182 163.3170 0000616   9.7795 319.1466  1.00271485 35692
STAR ONE D1             
1 41904U 16082B   26261.19571720 -.00000215  00000+0  00000+0 0  9991
2 41904   0.0166 114.9147 0002410  56.8128 171.8753  1.00272015 35702
TJS-2                   
1 41911U 17001A   26261.15225522 -.00000011  00000+0  00000+0 0  9997
2 41911   1.0661  83.8739 0001533 148.8965 245.6810  1.00272097 35656
SBIRS GEO-4 (USA 273)   
1 41937U 17004A   26261.13483514 -.00000170  00000+0  00000+0 0  9999
2 41937   2.4240  45.3917 0001991 112.4507 226.5533  1.00272757 35529
HISPASAT 36W-1          
1 41942U 17006A   26260.77551374 -.00000249  00000+0  00000+0 0  9993
2 41942   0.0308   2.4990 0001002 174.5384  62.8690  1.00271685 35179
TELKOM 3S               
1 41944U 17007A   26260.98677087 -.00000367  00000+0  00000+0 0  9990
2 41944   0.0175 169.9646 0002299   0.5170 299.6788  1.00273967 35072
INTELSAT 32E (IS-32E)   
1 41945U 17007B   26260.77412706 -.00000273  00000+0  00000+0 0  9999
2 41945   0.0163 236.2125 0000521 231.4887 124.5203  1.00272777 35151
ECHOSTAR 23             
1 42070U 17014A   26261.07517045 -.00000062  00000+0  00000+0 0  9999
2 42070   0.0173 164.5866 0002128  11.3378  98.2511  1.00272855 34854
WGS F9 (USA 275)        
1 42075U 17016A   26261.13665514  .00000000  00000+0  00000+0 0  9999
2 42075   0.0159 180.7219 0000264 298.7910 274.7647  1.00270330 34821
SES-10                  
1 42432U 17017A   26260.76936037 -.00000277  00000+0  00000+0 0  9993
2 42432   0.0154  74.6604 0002778 101.7328  30.3913  1.00274340 34681
CHINASAT 16 (SJ-13)     
1 42662U 17018A   26259.76277475 -.00000357  00000+0  00000+0 0  9990
2 42662   0.0764  91.9560 0006892 133.9135 155.0138  1.00272310 34667
KOREASAT 7              
1 42691U 17023A   26260.73434687 -.00000366  00000+0  00000+0 0  9997
2 42691   0.0258  48.8814 0001011 151.1995 176.8504  1.00270175 34298
SGDC                    
1 42692U 17023B   26260.21858896 -.00000254  00000+0  00000+0 0  9999
2 42692   0.0144  91.5060 0002275  87.9022 180.6011  1.00272035 34339
GSAT-9                  
1 42695U 17024A   26261.01575463 -.00000291  00000+0  00000+0 0  9999
2 42695   0.0337 104.2713 0002744  67.9044 287.7101  1.00276640 34230
INMARSAT 5-F4           
1 42698U 17025A   26261.15026189  .00000000  00000+0  00000+0 0  9991
2 42698   0.0206 150.1232 0000552  22.0050 295.5344  1.00271332 34215
SES-15                  
1 42709U 17026A   26261.18018829  .00000056  00000+0  00000+0 0  9991
2 42709   0.0414 341.4519 0000451 156.0361 155.3358  1.00269269  8364
QZS-2 (MICHIBIKI-2)     
1 42738U 17028A   26260.80896720 -.00000162  00000+0  00000+0 0  9996
2 42738  39.2953 241.7902 0749799 270.4800 277.0104  1.00260027  8555
VIASAT-2                
1 42740U 17029A   26261.12521509 -.00000269  00000+0  00000+0 0  9994
2 42740   0.0211 245.5641 0001056 254.0458 192.5967  1.00272097 34127
EUTELSAT 172B           
1 42741U 17029B   26261.14419843 -.00000010  00000+0  00000+0 0  9998
2 42741   0.0249 137.9658 0000270 311.5694 131.4513  1.00271643 34685
GSAT-19                 
1 42747U 17031A   26260.97313728  .00000121  00000+0  00000+0 0  9994
2 42747   0.0340 100.6892 0003660  15.7160 278.7231  1.00274085 34075
ECHOSTAR 21             
1 42749U 17032A   26261.14107516  .00000063  00000+0  00000+0 0  9998
2 42749   1.7826   1.6236 0002414 179.0198 237.4799  1.00273717 34035
BULGARIASAT-1           
1 42801U 17038A   26260.78305375  .00000005  00000+0  00000+0 0  9991
2 42801   0.0059 202.0480 0003465 349.3408  89.1231  1.00262718 33777
HELLAS-SAT 3            
1 42814U 17040A   26261.14679521  .00000148  00000+0  00000+0 0  9994
2 42814   0.0589  33.9117 0001896  65.5938 349.4481  1.00269406 33745
GSAT-17                 
1 42815U 17040B   26261.08630161 -.00000262  00000+0  00000+0 0  9993
2 42815   0.0128 136.4170 0004045 111.7525 233.4119  1.00272876 33721
INTELSAT 35E (IS-35E)   
1 42818U 17041A   26261.13223513 -.00000242  00000+0  00000+0 0  9990
2 42818   0.0185 147.0472 0002101  33.9709 189.1571  1.00271501 33745
COSMOS 2520             
1 42907U 17046A   26260.99512682  .00000133  00000+0  00000+0 0  9993
2 42907   0.0244 122.8294 0000568 139.6615 137.6915  1.00271574 33322
TDRS 13                 
1 42915U 17047A   26261.13674182 -.00000101  00000+0  00000+0 0  9990
2 42915   3.4850   4.9440 0013636 121.8660 268.0929  1.00272182 33282
QZS-3 (MICHIBIKI-3)     
1 42917U 17048A   26261.02164800 -.00000352  00000+0  00000+0 0  9990
2 42917   0.0569 149.7097 0001672   1.8749 340.2282  1.00272474 33191
AMAZONAS 5              
1 42934U 17053A   26260.27163089 -.00000287  00000+0  00000+0 0  9996
2 42934   0.0468 329.4437 0002106 255.7265 167.8221  1.00270157 32965
ASIASAT 9               
1 42942U 17057A   26261.02069464 -.00000364  00000+0  00000+0 0  9991
2 42942   0.0100 181.4344 0001907 344.1391 320.9377  1.00271891 32815
INTELSAT 37E (IS-37E)   
1 42950U 17059A   26260.93586251  .00000000  00000+0  00000+0 0  9995
2 42950   0.0207 153.4462 0002724  22.0536 140.2797  1.00269924 32995
BSAT-4A                 
1 42951U 17059B   26261.06989273 -.00000354  00000+0  00000+0 0  9995
2 42951   0.0546   1.2949 0001602 103.8409  26.8637  1.00271418 32738
QZS-4 (MICHIBIKI-4)     
1 42965U 17062A   26258.52574269 -.00000340  00000+0  00000+0 0  9991
2 42965  40.0490 342.3322 0749614 269.7047  72.3639  1.00274216 32705
SES-11 (ECHOSTAR 105)   
1 42967U 17063A   26261.18662509 -.00000094  00000+0  00000+0 0  9991
2 42967   0.0400 327.4484 0002692 188.8175 163.0875  1.00272393 32656
KOREASAT 5A             
1 42984U 17067A   26261.01887463  .00000000  00000+0  00000+0 0  9990
2 42984   0.0136 157.0664 0001003  42.1768 277.6395  1.00267467 32467
ALCOMSAT 1              
1 43039U 17078A   26260.70644010 -.00000191  00000+0  00000+0 0  9990
2 43039   0.0412  56.6606 0002128 104.4927  65.0003  1.00270591 32225
SBIRS GEO-3 (USA 282)   
1 43162U 18009A   26261.19875299  .00000125  00000+0  00000+0 0  9997
2 43162   2.2609  16.2267 0001892 155.1230  97.9367  1.00273011 31772
AL YAH 3                
1 43174U 18012A   26261.13509514 -.00000159  00000+0  00000+0 0  9990
2 43174   1.7852  81.8482 0003488  92.0497 211.7195  1.00272252 31774
SES-14                  
1 43175U 18012B   26260.48812580 -.00000283  00000+0  00000+0 0  9996
2 43175   0.0243  63.6190 0001199 100.7607 320.2785  1.00272523  7957
GOES 17                 
1 43226U 18022A   26261.19071537 -.00000187  00000+0  00000+0 0  9995
2 43226   1.1700  84.1394 0000815 124.9835 127.1677  1.00271816 31352
HISPASAT 30W-6          
1 43228U 18023A   26259.70755843 -.00000221  00000+0  00000+0 0  9990
2 43228   0.0469  37.1347 0003267 102.6321  80.6093  1.00272574 31321
SUPERBIRD-B3            
1 43271U 18033A   26261.16795917 -.00000096  00000+0  00000+0 0  9998
2 43271   0.0171 104.9484 0001063  71.7526  42.8867  1.00272657 30992
HYLAS 4                 
1 43272U 18033B   26260.41965819 -.00000238  00000+0  00000+0 0  9994
2 43272   0.0809 269.1811 0001013 279.2725 285.4705  1.00272969 30992
IRNSS-1I                
1 43286U 18035A   26259.08269187  .00000081  00000+0  00000+0 0  9992
2 43286  28.9651  72.7793 0020747 178.0234 189.1186  1.00272519 30998
USA 283                 
1 43339U 18036A   26260.52409262  .00000000  00000+0  00000+0 0  9994
2 43339   0.0127 153.0002 0000046  98.6954  67.5107  1.00270637 26219
COSMOS 2526             
1 43432U 18037A   26261.02182133 -.00000349  00000+0  00000+0 0  9997
2 43432   0.0097 184.0262 0000733  62.9294 245.9139  1.00272754 30893
APSTAR-6C               
1 43450U 18041A   26260.97529338 -.00000322  00000+0  00000+0 0  9998
2 43450   0.0544 309.5503 0001753 275.8885 256.6001  1.00272124 30748
BANGABANDHUSAT-1        
1 43463U 18044A   26260.98792250 -.00000367  00000+0  00000+0 0  9990
2 43463   0.0130 178.9321 0002373   3.7362 289.0033  1.00273620 30642
SES-12                  
1 43488U 18049A   26261.12475448 -.00000274  00000+0  00000+0 0  9993
2 43488   0.0200  63.7043 0001579 173.3811 259.8895  1.00272614 30350
FENGYUN 2H              
1 43491U 18050A   26261.15476856 -.00000134  00000+0  00000+0 0  9991
2 43491   3.2639  77.9026 0002471 146.4021 267.8224  1.00272378 30373
BEIDOU-2 IGSO-7         
1 43539U 18057A   26260.72145045 -.00000167  00000+0  00000+0 0  9992
2 43539  55.2132 162.2701 0108019 236.7075 329.9944  1.00276513 30055
TELSTAR 19V             
1 43562U 18059A   26261.12651509 -.00000284  00000+0  00000+0 0  9992
2 43562   0.0079 163.0460 0002588  10.3016 166.2543  1.00270831 30071
TELKOM 4 (MERAH PUTIH)  
1 43587U 18064A   26260.96539600 -.00000348  00000+0  00000+0 0  9994
2 43587   0.0190 163.4135 0001235  13.8501 275.1716  1.00270552 29801
TELSTAR 18V             
1 43611U 18069A   26260.95248784 -.00000298  00000+0  00000+0 0  9990
2 43611   0.0191 248.0510 0001927 283.0555 306.6885  1.00270873 29572
AZERSPACE 2 (IS-38)     
1 43632U 18074A   26260.72030682  .00000000  00000+0  00000+0 0  9990
2 43632   0.0200 146.1450 0001421  49.3000 105.6441  1.00268926 29373
HORIZONS-3E             
1 43633U 18074B   26260.24589081 -.00000035  00000+0  00000+0 0  9999
2 43633   0.0136 172.2438 0000732 350.2237  91.2516  1.00272305 29265
AEHF-4 (USA 288)        
1 43651U 18079A   26261.12556176 -.00000278  00000+0  00000+0 0  9990
2 43651   1.4213 358.3483 0068532 359.9997 336.2621  1.00278046 29227
BEIDOU-3 G1             
1 43683U 18085A   26261.17071531 -.00000112  00000+0  00000+0 0  9991
2 43683   2.6236  94.7421 0006145  20.8853 103.0047  1.00272245 28990
GSAT-29                 
1 43698U 18089A   26261.14991522  .00000079  00000+0  00000+0 0  9990
2 43698   0.0396 267.2250 0001631 260.7405 298.2164  1.00277521 28725
ES'HAIL 2               
1 43700U 18090A   26261.14410852  .00000140  00000+0  00000+0 0  9997
2 43700   0.0104 223.9421 0001298 289.1069 281.6981  1.00271134 28609
GEO-KOMPSAT-2A          
1 43823U 18100A   26260.73677355 -.00000348  00000+0  00000+0 0  9993
2 43823   0.0419   0.4692 0001835 116.4811 273.2283  1.00270714 28555
GSAT-11                 
1 43824U 18100B   26261.15372855 -.00000081  00000+0  00000+0 0  9992
2 43824   0.0678 268.9166 0006648 210.2833   7.2259  1.00272248 28411
GSAT-7A                 
1 43864U 18105A   26260.76170829  .00000021  00000+0  00000+0 0  9997
2 43864   0.0348  96.1446 0001906  85.7610 151.8353  1.00274983 28375
COSMOS 2533             
1 43867U 18107A   26261.15286189 -.00000042  00000+0  00000+0 0  9997
2 43867   0.0153 132.0157 0000359  94.8441 255.2473  1.00269568 28381
TJS-3                   
1 43874U 18110A   26260.77769845  .00000003  00000+0  00000+0 0  9997
2 43874   2.7765  79.2883 0004004 137.2056 229.6613  1.00453362 28355
ZHONGXING-2D            
1 43920U 19001A   26261.02225466 -.00000341  00000+0  00000+0 0  9990
2 43920   0.0327 334.9425 0001248 335.2087 184.8454  1.00270805 55013
HELLAS-SAT 4 & SGS-1    
1 44034U 19007A   26261.14670853  .00000148  00000+0  00000+0 0  9994
2 44034   0.0618 132.1934 0006366  27.5500 289.1595  1.00272148 28302
GSAT-31                 
1 44035U 19007B   26261.14852853  .00000121  00000+0  00000+0 0  9998
2 44035   0.0177 148.5529 0003842  77.9019 231.9587  1.00272441 27901
NUSANTARA SATU          
1 44048U 19009A   26260.85739377 -.00000239  00000+0  00000+0 0  9997
2 44048   0.0243 141.5632 0004587   7.4723 302.4387  1.00270410 27696
ZHONGXING-6C            
1 44067U 19012A   26261.02234133 -.00000340  00000+0  00000+0 0  9995
2 44067   0.0451 317.5840 0014185 105.1387  72.7119  1.00269081 27671
WGS 10 (USA 291)        
1 44071U 19014A   26261.15095522  .00000042  00000+0  00000+0 0  9991
2 44071   0.0059 168.3272 0000332 254.9782  48.4243  1.00272001 27553
TIANLIAN 2-01           
1 44076U 19017A   26260.65530653 -.00000111  00000+0  00000+0 0  9990
2 44076   0.7719  82.4867 0003114 122.7649 104.2649  1.00272076 27574
ARABSAT-6A              
1 44186U 19021A   26261.14506185  .00000149  00000+0  00000+0 0  9995
2 44186   0.0592 349.5587 0004270 266.8198 183.4231  1.00274563 27082
BEIDOU-3 IGSO-1         
1 44204U 19023A   26260.64812869 -.00000201  00000+0  00000+0 0  9991
2 44204  58.8280  36.7045 0027928 223.2720  88.5811  1.00265229  8138
BEIDOU-2 G8             
1 44231U 19027A   26260.95387450 -.00000251  00000+0  00000+0 0  9997
2 44231   1.8875  74.2914 0008983 279.4064 131.1386  1.00271118 27016
YAMAL 601               
1 44307U 19031A   26261.22002887  .00000115  00000+0  00000+0 0  9993
2 44307   0.0171 184.4226 0002479 347.7536 313.1998  1.00274051 26869
AT&T T-16               
1 44333U 19034A   26260.62011972 -.00000120  00000+0  00000+0 0  9990
2 44333   0.0164 107.7168 0000649 311.7300  59.4996  1.00272967 26569
EUTELSAT 7C             
1 44334U 19034B   26261.14038183  .00000044  00000+0  00000+0 0  9996
2 44334   0.0679 180.5296 0003216 337.7870 256.2866  1.00272031  7761
BEIDOU-3 IGSO-2         
1 44337U 19035A   26257.71968324 -.00000136  00000+0  00000+0 0  9990
2 44337  55.2502 158.0768 0038485 210.8700   3.6174  1.00272886 26567
COSMOS 2539             
1 44457U 19048A   26261.35508307  .00000077  00000+0  00000+0 0  9996
2 44457   0.0157 128.2813 0000162 337.8144  31.0241  1.00274775 26162
EDRS-C                  
1 44475U 19049A   26260.73954690 -.00000266  00000+0  00000+0 0  9999
2 44475   0.0206 215.3144 0000998 315.0943 235.0013  1.00271369 26130
INTELSAT 39 (IS-39)     
1 44476U 19049B   26261.15130190  .00000029  00000+0  00000+0 0  9994
2 44476   0.0112 228.2615 0000918 227.2042  18.0334  1.00271722 26069
AMOS-17                 
1 44479U 19050A   26261.14237519  .00000105  00000+0  00000+0 0  9996
2 44479   0.0137 287.4947 0002335 247.8996 249.9418  1.00271715 26111
AEHF-5 (USA 292)        
1 44481U 19051A   26261.08621493 -.00000261  00000+0  00000+0 0  9995
2 44481   1.3912 343.8883 0029072  11.9316 125.3284  1.00272476 26199
EUTELSAT 5 WEST B       
1 44624U 19067A   26261.13804183 -.00000046  00000+0  00000+0 0  9997
2 44624   0.0722 329.8985 0003168 202.7515 229.1144  1.00272575 25354
MEV-1                   
1 44625U 19067B   26258.61131191 -.00000152  00000+0  00000+0 0  9997
2 44625   0.8173 267.9702 0004186 264.3453 198.4732  1.00273417 62479
TJS-4                   
1 44637U 19070A   26261.15546191 -.00000174  00000+0  00000+0 0  9991
2 44637   0.0568  94.9379 0002954 156.4654 245.1511  1.00274490 25471
BEIDOU-3 IGSO-3         
1 44709U 19073A   26260.45701949 -.00000154  00000+0  00000+0 0  9998
2 44709  54.6463 279.8914 0046829 198.1226 161.7471  1.00262159 25383
TIBA-1                  
1 44800U 19080A   26261.14601520  .00000151  00000+0  00000+0 0  9995
2 44800   0.0522 347.3122 0002160 185.0536 272.7588  1.00270700 24985
INMARSAT GX5            
1 44801U 19080B   26261.14116183  .00000071  00000+0  00000+0 0  9993
2 44801   0.0475   2.8492 0002142 179.0004 237.0374  1.00272292  7716
JCSAT-18 (KACIFIC 1)    
1 44868U 19091A   26260.95491450 -.00000205  00000+0  00000+0 0  9999
2 44868   0.0454 335.4847 0000045 179.9690 335.2195  1.00272364 24941
ELEKTRO-L 3             
1 44903U 19095A   26259.08503189  .00000062  00000+0  00000+0 0  9998
2 44903   0.4848  82.3307 0031011  75.2117 294.6002  0.99823166 24629
SHIJIAN-20 (SJ-20)      
1 44910U 19097A   26261.14696853  .00000144  00000+0  00000+0 0  9990
2 44910   5.1515  73.8677 0002826 169.3438 207.1299  1.00275789 24631
TJS-5                   
1 44978U 20002A   26261.06989274 -.00000346  00000+0  00000+0 0  9990
2 44978   0.2272  83.0017 0007577 351.3341  55.3430  1.00271683 24646
GSAT-30                 
1 45026U 20005A   26261.15546191 -.00000169  00000+0  00000+0 0  9998
2 45026   0.0215 109.8977 0002049  21.9956   4.1588  1.00273060 24444
EUTELSAT KONNECT        
1 45027U 20005B   26261.14046851  .00000045  00000+0  00000+0 0  9998
2 45027   0.0649  98.3950 0001516 104.1923 212.2423  1.00270551 25268
JCSAT-17                
1 45245U 20013A   26260.73824690 -.00000316  00000+0  00000+0 0  9990
2 45245   5.3979 357.7207 0004369 176.8196 223.8893  1.00273278 24164
GEO-KOMPSAT-2B          
1 45246U 20013B   26261.02190800 -.00000348  00000+0  00000+0 0  9998
2 45246   0.0424 334.6495 0001134 252.9047 265.5522  1.00270855 24219
BEIDOU-3 G2             
1 45344U 20017A   26261.15485523 -.00000144  00000+0  00000+0 0  9998
2 45344   2.5928  48.4822 0002194 125.9937 318.4225  1.00272553 24194
AEHF-6 (USA 298)        
1 45465U 20022B   26260.95248784 -.00000303  00000+0  00000+0 0  9998
2 45465   2.3567 302.5433 0042193  10.8231 164.1310  1.00269154 23945
BEIDOU-3 G3             
1 45807U 20040A   26261.01835464 -.00000357  00000+0  00000+0 0  9992
2 45807   2.6705  67.4012 0002567 286.6632 119.9787  1.00267451 23002
APSTAR-6D               
1 45863U 20045A   26261.36850398 -.00000322  00000+0  00000+0 0  9992
2 45863   0.0407 104.6400 0002341 345.6028 173.7485  1.00271440 22796
KOREASAT 116            
1 45920U 20048A   26261.11364440  .00000000  00000+0  00000+0 0  9992
2 45920   0.0152 155.5273 0001013  17.8005 340.8431  1.00269569 22571
EXPRESS 103             
1 45985U 20053A   26261.08690828 -.00000285  00000+0  00000+0 0  9993
2 45985   0.0320 259.5448 0001092 203.4144  21.8568  1.00272037 22584
EXPRESS 80              
1 45986U 20053B   26261.15485523  .00000000  00000+0  00000+0 0  9990
2 45986   0.0185 179.0265 0002111 230.4846  83.2969  1.00269807 22576
BSAT-4B                 
1 46112U 20056A   26261.06989273 -.00000354  00000+0  00000+0 0  9999
2 46112   0.0188 169.1723 0004198 344.4293 338.3959  1.00271850 22326
MEV-2                   
1 46113U 20056B   26261.13882183 -.00000015  00000+0  00000+0 0  9994
2 46113   0.0376 259.1114 0000048 164.1288 342.8089  1.00272627 81648
GALAXY 30 (G-30)        
1 46114U 20056C   26261.18199426  .00000033  00000+0  00000+0 0  9990
2 46114   0.0170 198.4814 0002278 332.1805 126.9672  1.00271963 22222
GAOFEN-13 01            
1 46610U 20071A   26260.98792353 -.00000367  00000+0  00000+0 0  9994
2 46610   0.1391  80.3822 0058939 121.2140 269.4469  1.00273649 21859
TIANTONG-1 2            
1 46916U 20082A   26261.02121465 -.00000359  00000+0  00000+0 0  9992
2 46916   0.7065 342.7373 0000685 233.6832 273.1091  1.00270843 21585
LUCAS (JDRS-1)          
1 47202U 20089A   26261.12475448 -.00000240  00000+0  00000+0 0  9991
2 47202   0.0401 285.4630 0002102 262.2943 305.0129  1.00272485 21353
SXM-7                   
1 47240U 20096A   26260.55191274 -.00000210  00000+0  00000+0 0  9996
2 47240   0.0208 123.2504 0004480   2.2087 344.5487  1.00275659  8379
CMS-01                  
1 47256U 20099A   26261.08422160 -.00000169  00000+0  00000+0 0  9999
2 47256   0.0515  93.2118 0004868 160.9510 216.1757  1.00272379 21136
TURKSAT 5A              
1 47306U 21001A   26261.14514852  .00000150  00000+0  00000+0 0  9995
2 47306   0.0130 110.0568 0000280 319.5641  10.6437  1.00273035 20897
TIANTONG-1 3            
1 47321U 21003A   26261.15520191 -.00000158  00000+0  00000+0 0  9997
2 47321   1.7014 345.2468 0003154 202.1205 307.1030  1.00273946 20894
TJS-6                   
1 47613U 21010A   26261.14419843  .00000039  00000+0  00000+0 0  9996
2 47613   0.0225 223.4232 0003590 317.6380  46.4129  1.00272002 20748
SBIRS GEO-5 (USA 315)   
1 48618U 21042A   26260.65868655 -.00000270  00000+0  00000+0 0  9999
2 48618   4.9947 329.8456 0001832 206.7571 150.9129  1.00272072 19694
FENGYUN 4B              
1 48808U 21047A   26261.08846829 -.00000335  00000+0  00000+0 0  9994
2 48808   0.3811  80.9511 0008243 281.7192 130.7860  1.00278635 19506
SXM-8                   
1 48838U 21049A   26260.62315307 -.00000210  00000+0  00000+0 0  9992
2 48838   0.0335  58.9351 0005701 337.7488  99.0761  1.00272098 19515
TIANLIAN 1-05           
1 49011U 21063A   26261.28487619  .00000104  00000+0  00000+0 0  9992
2 49011   1.8270  79.7467 0003455 139.0193 257.8341  1.00274026 19011
STAR ONE D2             
1 49055U 21069A   26261.09727898 -.00000262  00000+0  00000+0 0  9997
2 49055   0.0182 139.2204 0007408  18.7815 163.9070  1.00183487 18889
EUTELSAT QUANTUM        
1 49056U 21069B   26261.14844186  .00000122  00000+0  00000+0 0  9998
2 49056   0.0155  89.8061 0002293  81.2711 287.1436  1.00271555 18865
ZHONGXING-2E            
1 49062U 21071A   26260.91284640 -.00000296  00000+0  00000+0 0  9998
2 49062   0.0319  79.4766 0000311 153.4739 190.5986  1.00272988 18961
TJS-7                   
1 49115U 21077A   26261.19064872 -.00000128  00000+0  00000+0 0  9991
2 49115   0.1229 260.4653 0001759 107.2289 318.5750  1.00273782 10485
CHINASAT 9B             
1 49125U 21080A   26261.08786162 -.00000317  00000+0  00000+0 0  9997
2 49125   0.0398 251.0144 0003380 290.2175 308.8369  1.00271918 18588
SHIJIAN-21 (SJ-21)      
1 49330U 21094A   26260.98548500 -.00000352  00000+0  00000+0 0  9999
2 49330   5.3281  60.5482 0053569 171.4845 247.4810  1.00264905  6293
SES-17                  
1 49332U 21095A   26261.12573509 -.00000276  00000+0  00000+0 0  9991
2 49332   0.0334  41.9639 0001048 118.5901 174.6709  1.00269908 18786
SYRACUSE 4A             
1 49333U 21095B   26260.99512704  .00000131  00000+0  00000+0 0  9995
2 49333   0.0159 206.7412 0001788 321.5516 232.3968  1.00273369 18876
QZS-1R (MICHIBIKI-1R)   
1 49336U 21096A   26260.84768347 -.00000257  00000+0  00000+0 0  9999
2 49336  37.6527  78.2120 0744089 269.9501  88.0930  1.00286841 17940
ZHONGXING-1D            
1 49505U 21114A   26261.02225466 -.00000341  00000+0  00000+0 0  9993
2 49505   0.0536 306.6757 0001183 311.9836 236.4860  1.00270035 17754
STPSAT-6                
1 49817U 21118A   26261.18478803 -.00000048  00000+0  00000+0 0  9999
2 49817   0.5545  84.1762 0000903 211.3951  16.1429  1.00272081 17509
EXPRESS AMU-7           
1 50001U 21123A   26261.16768197 -.00000247  00000+0  00000+0 0  9999
2 50001   0.0320 257.6334 0000481 194.5365 110.3064  1.00272308 17476
EXPRESS AMU-3           
1 50002U 21123B   26260.72318200 -.00000326  00000+0  00000+0 0  9995
2 50002   0.0352 250.9491 0000322 142.3749 326.6874  1.00273200  7969
TIANLIAN 2-02           
1 50005U 21124A   26261.11641855 -.00000018  00000+0  00000+0 0  9996
2 50005   1.0349  84.5167 0003476 151.5906 333.8177  1.00273049 17553
TURKSAT 5B              
1 50212U 21126A   26260.76495564  .00000142  00000+0  00000+0 0  9999
2 50212   0.0732 335.9781 0001738 324.7598  13.3217  1.00272474 17223
INMARSAT 6-F1           
1 50319U 21128A   26261.15546191 -.00000177  00000+0  00000+0 0  9995
2 50319   0.0180 148.4074 0000242 320.7246  27.6932  1.00273597 17190
SHIYAN-12 01 (SY-12 01) 
1 50321U 21129A   26260.71996014  .00000118  00000+0  00000+0 0  9997
2 50321   3.9066  78.6008 0001610 172.8420  47.9100  1.00478362 17424
SHIYAN-12 02 (SY-12 02) 
1 50322U 21129B   26260.78784249 -.00000132  00000+0  00000+0 0  9997
2 50322   3.9050  78.5930 0004033  95.1605 260.7705  1.00441950 17424
TJS-9                   
1 50574U 21135A   26260.95240117 -.00000303  00000+0  00000+0 0  9993
2 50574   0.0140 136.0214 0004798 207.2724 133.6485  1.00269185 17366
GOES 18                 
1 51850U 22021A   26261.17833280  .00000092  00000+0  00000+0 0  9994
2 51850   0.0119 292.1400 0000243 281.9605  70.2095  1.00272233  7527
ZHONGXING-6D            
1 52255U 22038A   26260.66208419 -.00000358  00000+0  00000+0 0  9991
2 52255   0.0272 218.0281 0002160  15.8537 126.1076  1.00267542 16357
NILESAT 301             
1 52817U 22061A   26261.13760850 -.00000062  00000+0  00000+0 0  9998
2 52817   0.0548 343.3328 0001401 169.1426 247.1086  1.00271222 15666
CMS-02 (GSAT-24)        
1 52903U 22067A   26261.01289462 -.00000169  00000+0  00000+0 0  9990
2 52903   0.0173 191.2102 0001934  72.4462 180.9391  1.00272292 15530
MEASAT 3D               
1 52904U 22067B   26261.12475448 -.00000246  00000+0  00000+0 0  9990
2 52904   0.0489 323.3428 0001551 267.8974 262.2394  1.00271697 15583
SES-22                  
1 52933U 22071A   26261.17787287  .00000100  00000+0  00000+0 0  9997
2 52933   0.0375 271.1474 0001152 234.9204 136.0788  1.00270637  8454
WFOV (USA 332)          
1 52940U 22073A   26260.81641788 -.00000366  00000+0  00000+0 0  9997
2 52940   3.9421  77.2895 0002072 161.6666 170.9575  1.00277077 15294
TIANLIAN 2-03           
1 53100U 22078A   26261.14116183  .00000068  00000+0  00000+0 0  9992
2 53100   0.9027  77.7931 0001641 146.4748 194.1906  1.00272254 15479
SBIRS GEO-6 (USA 336)   
1 53355U 22092A   26260.95274784 -.00000295  00000+0  00000+0 0  9993
2 53355   3.1115 319.1327 0001878 210.7808 308.9588  1.00272181 15166
EUTELSAT KONNECT VHTS   
1 53765U 22110A   26261.13960183  .00000014  00000+0  00000+0 0  9993
2 53765   0.0546 104.6199 0003189  41.9832 263.4671  1.00275835  7761
ZHONGXING-1E            
1 53813U 22112A   26261.15511524 -.00000154  00000+0  00000+0 0  9998
2 53813   0.0489 311.6940 0002653 314.5829 228.0738  1.00273385 14784
SES-20                  
1 53960U 22123A   26260.61968638 -.00000106  00000+0  00000+0 0  9992
2 53960   0.0257  89.7645 0001924  20.9501   5.8369  1.00273631 14460
SES-21                  
1 53961U 22123B   26261.18181391  .00000065  00000+0  00000+0 0  9992
2 53961   0.0320  64.4140 0001039 115.2861 111.8675  1.00270831  8141
GALAXY 33 (G-33)        
1 54026U 22128A   26261.17926064  .00000075  00000+0  00000+0 0  9994
2 54026   0.0163 254.8961 0001917 272.8873 120.8626  1.00271785 14673
GALAXY 34 (G-34)        
1 54027U 22128B   26260.68581334  .00000000  00000+0  00000+0 0  9995
2 54027   0.0172 171.1125 0001864   1.1191 302.2812  1.00273587 14848
ANGOSAT 2               
1 54033U 22131A   26260.50199253  .00000131  00000+0  00000+0 0  9997
2 54033   0.0186 157.6212 0000730 108.7433 293.8212  1.00274478 14401
EUTELSAT HOTBIRD 13F    
1 54048U 22134A   26261.14159516  .00000083  00000+0  00000+0 0  9991
2 54048   0.0595 290.5743 0002052  76.9354  53.5315  1.00272277 14303
LDPE-2                  
1 54219U 22144A   26261.00013935  .00000059  00000+0  00000+0 0  9994
2 54219   5.8196  62.7532 0000412 328.3916  20.9200  0.98887587 12765
EUTELSAT HOTBIRD 13G    
1 54225U 22146A   26261.14159516  .00000083  00000+0  00000+0 0  9991
2 54225   0.0472 234.0615 0002018 299.0996 247.8864  1.00272705  8392
ZHONGXING-19            
1 54230U 22148A   26261.17132198 -.00000085  00000+0  00000+0 0  9992
2 54230   0.0173 179.9165 0004536 359.2218  42.8167  1.00272903 14314
GALAXY 31 (G-31)        
1 54243U 22153A   26261.21445204  .00000009  00000+0  00000+0 0  9997
2 54243   0.0107 207.5731 0001334 314.4540 151.3280  1.00271213  8066
GALAXY 32 (G-32)        
1 54244U 22153B   26261.19033066  .00000000  00000+0  00000+0 0  9995
2 54244   0.0152 132.6970 0000220 292.6352 269.3084  1.00269621 14071
EUTELSAT 10B            
1 54259U 22157A   26261.14098851  .00000064  00000+0  00000+0 0  9993
2 54259   0.0537 102.1476 0001721   0.5349 315.1310  1.00271585 13956
GALAXY 35 (G-35)        
1 54741U 22170A   26261.23209498 -.00000167  00000+0  00000+0 0  9990
2 54741   0.0154 224.3281 0001990 304.2685 179.0246  1.00272223 13824
GALAXY 36 (G-36)        
1 54742U 22170B   26261.19079218 -.00000190  00000+0  00000+0 0  9997
2 54742   0.0168 154.6112 0002134 329.8882 212.3164  1.00272384 13717
METEOSAT-12 (MTG-I1)    
1 54743U 22170C   26261.13890850 -.00000012  00000+0  00000+0 0  9998
2 54743   0.7344  19.6657 0003891  93.1932 293.7529  1.00272365 13912
SHIJIAN-23 (SJ-23)      
1 55131U 23002A   26260.71364287 -.00000052  00000+0  00000+0 0  9992
2 55131   3.9489  77.0954 0002883 231.3528  21.6537  1.00024753 13434
APSTAR-6E               
1 55239U 23005A   26260.66665992 -.00000322  00000+0  00000+0 0  9995
2 55239   0.0387 243.2270 0003821 323.9655 163.4280  1.00271016 19621
USA 342                 
1 55263U 23008A   26260.50216587  .00000134  00000+0  00000+0 0  9990
2 55263   0.0086 123.3006 0000420 137.9896 299.7594  1.00272077 13444
ELEKTRO-L 4             
1 55506U 23016A   26260.54920431 -.00000063  00000+0  00000+0 0  9995
2 55506   0.0588  55.6196 0002238 138.8313 165.5520  1.00270389 13264
AMAZONAS NEXUS          
1 55508U 23017A   26260.60802203 -.00000287  00000+0  00000+0 0  9999
2 55508   0.0446  31.2919 0002887  99.9669  23.1790  1.00269082  7970
ZHONGXING-26            
1 55686U 23023A   26260.59359958 -.00000358  00000+0  00000+0 0  9994
2 55686   0.0597  70.5544 0002398  53.6011 211.1221  1.00267197 13159
LUCH-5X (OLYMP-K 2)     
1 55841U 23031A   26260.65235985  .00000030  00000+0  00000+0 0  9992
2 55841   0.0168 114.3748 0000778  73.2149 105.8311  1.00265571 12869
GAOFEN-13 02            
1 55912U 23036A   26259.52901160 -.00000224  00000+0  00000+0 0  9991
2 55912   1.0071  12.4389 0003727 306.5368  15.0758  1.00267746 13003
SES-18                  
1 55970U 23038A   26261.18708969 -.00000105  00000+0  00000+0 0  9992
2 55970   0.0417 274.6292 0002155 307.4055  99.3344  1.00272311 13035
SES-19                  
1 55971U 23038B   26261.20929615  .00000083  00000+0  00000+0 0  9993
2 55971   0.0426 281.9254 0001671 242.4226 133.2391  1.00271841 13021
INTELSAT 40E (IS-40E)   
1 56174U 23052A   26261.19033067 -.00000179  00000+0  00000+0 0  9997
2 56174   0.0086 179.5274 0002623 358.9922 156.1250  1.00272250 12759
VIASAT-3 F1             
1 56370U 23060A   26260.62245972  .00000000  00000+0  00000+0 0  9993
2 56370   0.0200 190.1307 0000728 356.2525 305.3025  1.00270253 12361
ARCTURUS                
1 56371U 23060B   26260.94893448 -.00000366  00000+0  00000+0 0  9992
2 56371   3.0069  78.7305 0001126 195.2550 184.2434  1.00268573 12392
GS-1                    
1 56372U 23060C   26260.94226111 -.00000194  00000+0  00000+0 0  9999
2 56372   2.9580  78.6508 0003003 265.6737  77.8840  1.00250095  8469
BEIDOU-3 G4             
1 56564U 23066A   26260.95292117 -.00000285  00000+0  00000+0 0  9999
2 56564   0.4405 358.3473 0005296 196.7295 284.8895  1.00269552 12327
ARABSAT-7B (BADR-8)     
1 56757U 23075A   26261.14419519  .00000140  00000+0  00000+0 0  9991
2 56757   0.0757  21.7447 0001753   1.8036  51.4556  1.00272856 12044
NVS-01 (IRNSS-1J)       
1 56759U 23076A   26260.86294595 -.00000342  00000+0  00000+0 0  9992
2 56759   1.9548 240.0504 0005722   0.0974 196.8519  1.00274996 12046
NUSANTARA TIGA (SATRIA) 
1 57045U 23086A   26260.85739377 -.00000239  00000+0  00000+0 0  9998
2 57045   0.0560 357.3396 0002662 291.4130 162.7060  1.00270907 10690
H2SAT (HEINRICH HERTZ)  
1 57213U 23093A   26261.00656448 -.00000002  00000+0  00000+0 0  9996
2 57213   0.0477  13.0701 0000262  76.2440 270.6985  1.00271928 11844
SYRACUSE 4B             
1 57214U 23093B   26261.02633953  .00000000  00000+0  00000+0 0  9992
2 57214   0.0209 168.0137 0000334 104.5799  87.4025  1.00269626  7895
JUPITER 3 (ECHOSTAR 24) 
1 57479U 23108A   26260.27499132  .00000000  00000+0  00000+0 0  9997
2 57479   0.0229 157.9451 0001111  20.5958 181.4593  1.00269899 11582
GALAXY 37 (G-37)        
1 57493U 23112A   26261.18209433  .00000044  00000+0  00000+0 0  9990
2 57493   0.0181 145.8765 0002015  30.7148 119.0784  1.00271546 11476
LUDI TANCE-4 01A        
1 57624U 23120A   26260.80038716 -.00000194  00000+0  00000+0 0  9994
2 57624  15.0461 191.6934 0003562  41.1491 141.5410  1.00276439 11473
TJS-10                  
1 58204U 23169A   26260.89868146 -.00000254  00000+0  00000+0 0  9996
2 58204   2.7765  79.2931 0004151 130.0856 203.3993  1.00274555 10462
ZHONGXING-6E            
1 58253U 23172A   26261.01930799 -.00000365  00000+0  00000+0 0  9996
2 58253   0.0472 254.8091 0002458 262.5365 322.0192  1.00268096 10591
YAOGAN-41               
1 58582U 23197A   26261.02086799 -.00000366  00000+0  00000+0 0  9992
2 58582   2.9688 314.7390 0013669 211.2308 321.6790  1.00273157 10254
OVZON-3                 
1 58698U 24003A   26261.15086854  .00000047  00000+0  00000+0 0  9998
2 58698   0.0123 179.1148 0000275 266.3006  25.6941  1.00274338  8386
INSAT-3DS               
1 58990U 24033A   26261.08404825 -.00000161  00000+0  00000+0 0  9998
2 58990   0.0252 240.3478 0001307 294.6942 294.3134  1.00273268 48004
MERAH PUTIH 2           
1 58995U 24035A   26260.73374021 -.00000362  00000+0  00000+0 0  9993
2 58995   0.0190 167.3523 0000929   6.3759 200.0414  1.00270520  9518
TJS-11                  
1 59020U 24037A   26261.06989274 -.00000366  00000+0  00000+0 0  9998
2 59020   4.0848 328.2892 0001944 277.4166 248.9275  1.00277349  9512
HULIANWAN GAOGUI-01 (H*)
1 59069U 24040A   26261.14566852  .00000152  00000+0  00000+0 0  9999
2 59069   0.0912 339.1729 0001882  52.8473  51.1419  1.00270349  8268
EUTELSAT 36D            
1 59346U 24059A   26261.14610185  .00000151  00000+0  00000+0 0  9995
2 59346   0.0037 126.0276 0000143 299.1772  20.3372  1.00271657  9070
PAKSAT-MM1              
1 59915U 24104A   26261.14662186  .00000149  00000+0  00000+0 0  9993
2 59915   0.0326 221.7069 0002241 310.6068 275.7165  1.00272863  8451
ASTRA 1P (SES-24)       
1 60086U 24115A   26260.78643376  .00000115  00000+0  00000+0 0  9998
2 60086   0.0596 343.1971 0002064 247.7840  68.0624  1.00270362  8122
GOES 19                 
1 60133U 24119A   26261.15600403 -.00000253  00000+0  00000+0 0  9995
2 60133   0.0219 349.7767 0000266 263.3643  84.9203  1.00272211  7897
ZHONGXING-3A            
1 60179U 24122A   26259.59099119 -.00000319  00000+0  00000+0 0  9993
2 60179   0.0038 212.5788 0002348 352.8336 104.4362  1.00274735  8227
TURKSAT 6A              
1 60233U 24127A   26261.14731521  .00000142  00000+0  00000+0 0  9996
2 60233   0.0397 228.8650 0004294 329.6727 253.5515  1.00273867  7941
HULIANWAN GAOGUI-02 (H*)
1 60327U 24135A   26260.38525138 -.00000178  00000+0  00000+0 0  9999
2 60327   0.0616 348.8179 0004418   7.9701 291.3147  1.00272951  8411
ZHONGXING-4A            
1 60606U 24151A   26260.96438330 -.00000367  00000+0  00000+0 0  9998
2 60606   1.0817 269.9836 0000768  23.7915 168.5441  1.00272173  7681
HULIANWAN GAOGUI-03 (H*)
1 61503U 24181A   26259.23621711 -.00000246  00000+0  00000+0 0  9999
2 61503   0.0697 352.8373 0001243  98.9348 271.3168  1.00273109  7739
DSN-3 (KIRAMEKI-3)      
1 61733U 24198A   26261.16750862 -.00000254  00000+0  00000+0 0  9996
2 61733   0.0248 248.8918 0001312 264.3581  48.2257  1.00272299  6851
KOREASAT 6A             
1 61910U 24206A   26261.01948132 -.00000366  00000+0  00000+0 0  9990
2 61910   0.0284 233.6059 0000916 282.6684 323.7269  1.00271859  6778
OPTUS-X (ADS-01)        
1 62006U 24212A   26261.14975316 -.00000147  00000+0  00000+0 0  9999
2 62006   0.0357 268.1226 0002610 264.6115  34.6697  1.00272199  6699
GSAT-N2 (GSAT-20)       
1 62028U 24214A   26261.15251522 -.00000025  00000+0  00000+0 0  9997
2 62028   0.0157 148.2766 0001416 223.8729 107.8623  1.00275092  6832
SXM-9                   
1 62259U 24234A   26260.62315307 -.00000210  00000+0  00000+0 0  9994
2 62259   0.0027 191.6339 0004342 123.7782 180.3294  1.00274889  6507
TJS-12                  
1 62374U 24246A   26260.95422118 -.00000236  00000+0  00000+0 0  9998
2 62374   0.4895 312.2800 0001286 139.9680  34.6232  1.00268441  6494
NUVIEW ALPHA            
1 62455U 24252B   26261.19290803 -.00000219  00000+0  00000+0 0  9997
2 62455   0.0537  23.5462 0000168 150.8334 169.0855  1.00271417  4753
AGILA                   
1 62456U 24252C   26260.98031036 -.00000186  00000+0  00000+0 0  9998
2 62456   0.0169 162.1232 0001205  20.8046 319.0578  1.00272777  6097
NUVIEW BRAVO            
1 62457U 24252D   26261.19290865 -.00000219  00000+0  00000+0 0  9997
2 62457   0.0645 155.9658 0001714  27.0247 160.4774  1.00271492  4723
THURAYA-4               
1 62483U 25001A   26260.99440163  .00000135  00000+0  00000+0 0  9990
2 62483   0.0208 102.6723 0000324 297.5449 358.9914  1.00270884  5100
SHIJIAN-25 (SJ-25)      
1 62485U 25002A   26260.78428458 -.00000352  00000+0  00000+0 0  9995
2 62485   5.3289  60.5298 0046673 179.6478 166.3389  1.00276572  6284
TJS-14                  
1 62804U 25017A   26261.14272185  .00000111  00000+0  00000+0 0  9993
2 62804   0.5885 304.9878 0003128 323.7342 158.1346  1.00270354  6203
SPAINSAT NG I           
1 62852U 25021A   26261.14480185  .00000000  00000+0  00000+0 0  9999
2 62852   0.0167 150.2583 0000360 322.8185 325.1069  1.00272494  4910
QZS-6 (MICHIBIKI-6)     
1 62876U 25023A   26260.95983259 -.00000238  00000+0  00000+0 0  9999
2 62876   0.0478 284.5095 0001870 255.1485 253.2801  1.00275179  5872
ZHONGXING-10R           
1 63075U 25036A   26260.99063154 -.00000356  00000+0  00000+0 0  9993
2 63075   0.0791 253.2710 0004924 279.1177 291.6521  1.00269478  5887
TJS-15                  
1 63157U 25045A   26260.90058206 -.00000222  00000+0  00000+0 0  9999
2 63157   0.4415  84.7302 0000135 270.0148  55.0365  1.00272145  5688
TIANLIAN 2-04           
1 63361U 25062A   26261.15485523 -.00000142  00000+0  00000+0 0  9990
2 63361   4.1430 273.1535 0032796   8.1420 211.5449  1.00271184  5534
TJS-16                  
1 63397U 25064A   26260.79606648 -.00000108  00000+0  00000+0 0  9995
2 63397   1.3302  80.6560 0001684 250.7952 112.5467  1.00273466  5328
TJS-17                  
1 63524U 25073A   26260.77031367 -.00000074  00000+0  00000+0 0  9997
2 63524   1.2963  81.6975 0001163 173.0782 183.7525  1.00271952  5214
TIANLIAN 2-05           
1 63662U 25084A   26260.64412649  .00000118  00000+0  00000+0 0  9992
2 63662   4.2241 278.8351 0001089 210.8187 119.2241  1.00274808  5305
TJS-19                  
1 63924U 25097A   26260.78061458 -.00000280  00000+0  00000+0 0  9991
2 63924   3.1404 319.0724 0006139 262.7220 197.1036  1.00270411  5079
CHINASAT 3B             
1 64062U 25106A   26260.74448693  .00000000  00000+0  00000+0 0  9991
2 64062   0.0089 127.5813 0002221  62.2032 242.2167  1.00269266  4983
SXM-10                  
1 64290U 25122A   26261.14130522 -.00000022  00000+0  00000+0 0  9991
2 64290   0.0258  53.9525 0001563 298.1969 299.6408  1.00274471  4611
COSMOS 2589             
1 64467U 25131A   26260.73478021 -.00000366  00000+0  00000+0 0  9991
2 64467   0.1677  90.2536 0000922 297.1345 352.2146  1.00356127  4483
CHINASAT 9C             
1 64470U 25132A   26260.97696034 -.00000252  00000+0  00000+0 0  9992
2 64470   0.0122 148.1315 0002991  20.2179 272.4834  1.00272035  5075
MTG-S1                  
1 64723U 25143A   26261.13899515 -.00000011  00000+0  00000+0 0  9996
2 64723   0.6207 341.2227 0003521 253.2006 172.4172  1.00272317  4358
DROR 1                  
1 64784U 25148A   26261.13821515  .00000000  00000+0  00000+0 0  9990
2 64784   0.0190 156.0852 0000440  58.5336 188.1629  1.00271250  4227
SHIYAN-29               
1 65486U 25196A   26260.80134051 -.00000271  00000+0  00000+0 0  9999
2 65486  28.9195  17.3708 0015553 176.2612 186.2822  1.00287330  3810
NUSANTARA LIMA (NUSANT*)
1 65588U 25205A   26261.11364440 -.00000362  00000+0  00000+0 0  9996
2 65588   0.0102 348.8796 0000364 270.4735 251.4583  1.00270534  3657
TJS-20                  
1 66142U 25238A   26261.15138855  .00000020  00000+0  00000+0 0  9992
2 66142   5.2695 299.2308 0003209 235.1762 299.5554  1.00270638  3268
CMS-03 (GSAT-7R)        
1 66311U 25249B   26261.15364190 -.00000081  00000+0  00000+0 0  9993
2 66311   0.0443 265.9740 0000787 225.5889 354.8068  1.00272721  3283
VIASAT-3 F2             
1 66454U 25261A   26260.55312609 -.00000238  00000+0  00000+0 0  9990
2 66454   0.0135 344.5033 0001074 281.7691 210.3470  1.00275257  3722
SHIJIAN-28 (SJ-28)      
1 66549U 25277A   26261.01948132 -.00000368  00000+0  00000+0 0  9994
2 66549   4.3058 270.6973 0001309  95.1788 114.9264  1.00276245  3082
TJS-22                  
1 66990U 25290A   26261.15216855 -.00000012  00000+0  00000+0 0  9990
2 66990   1.3102 288.3126 0004073 323.4082 226.6043  1.00272740  2957
TJS-23                  
1 67226U 25306A   26260.34737419  .00000013  00000+0  00000+0 0  9995
2 67226   5.3850 297.0494 0004654 255.1601 104.6689  1.00275073  2810
FENGYUN 4C              
1 67246U 25312A   26260.66639991 -.00000327  00000+0  00000+0 0  9994
2 67246   0.0128 282.1174 0000358   3.4048  83.9892  1.00271279  2794
SHIJIAN-29A (SJ-29A)    
1 67302U 25315A   26260.98340012 -.00000074  00000+0  00000+0 0  9997
2 67302   3.6268  92.8617 0006166  72.6733 258.8925  1.00269735  2548
SHIJIAN-29B (SJ-29B)    
1 67403U 25315C   26260.98195444 -.00000075  00000+0  00000+0 0  9997
2 67403   3.6262  92.8555 0006874  85.7983 245.2867  1.00269897  2615
ELEKTRO-L 5             
1 67756U 26028A   26260.79778327 -.00000103  00000+0  00000+0 0  9998
2 67756   0.0444 346.1980 0001976 183.3613 190.4543  1.00276549  2174
JAM-E JAM 1             
1 67757U 26028B   26260.98859944  .00000151  00000+0  00000+0 0  9997
2 67757   0.1520   2.9123 0000464  61.3404 322.4698  1.00270723  2043
ECHOSTAR 25             
1 68126U 26045A   26261.18524839 -.00000061  00000+0  00000+0 0  9993
2 68126   0.0179 160.7646 0001744  15.4306 137.6131  1.00271008  1920
TJS-24                  
1 69235U 26116A   26261.12475448 -.00000236  00000+0  00000+0 0  9993
2 69235   0.2418  88.5538 0001105 174.8220 228.8897  1.00274627  1161
