ISS (ZARYA)             
1 25544U 98067A   26246.17593850  .00004078  00000+0  82215-4 0  9998
2 25544  51.6312 274.0958 0005015 102.3118 257.8432 15.48977273583844
POISK                   
1 36086U 09060A   26246.17593850  .00004078  00000+0  82215-4 0  9996
2 36086  51.6312 274.0958 0005015 102.3118 257.8432 15.48977273584589
CSS (TIANHE)            
1 48274U 21035A   26246.18720976  .00011948  00000+0  15009-3 0  9996
2 48274  41.4680 208.4906 0002159 255.5051 104.5547 15.59535956305343
ISS (NAUKA)             
1 49044U 21066A   26246.17593850  .00004078  00000+0  82215-4 0  9994
2 49044  51.6312 274.0958 0005015 102.3118 257.8432 15.48977273584622
FREGAT DEB              
1 49271U 11037PF  26246.05067250  .00014162  00000+0  20698-1 0  9999
2 49271  51.6375 127.4745 0934263  94.8790 275.9234 12.44049467234738
CSS (WENTIAN)           
1 53239U 22085A   26245.93105700  .00011334  00000+0  14263-3 0  9993
2 53239  41.4679 210.0466 0002125 256.1113 103.9489 15.59528989288231
CSS (MENGTIAN)          
1 54216U 22143A   26246.18720976  .00011948  00000+0  15009-3 0  9990
2 54216  41.4680 208.4906 0002159 255.5051 104.5547 15.59535956305964
HRC MONOBLOCK CAMERA    
1 66052U 98067XR  26246.01904955  .00134240  17665-4  44953-3 0  9993
2 66052  51.6161 235.2802 0005823  64.7990 295.3619 15.89898602 50316
SZ-21 MODULE            
1 66515U 25246C   26245.96540168  .00047264  00000+0  20585-3 0  9995
2 66515  41.4702 180.3794 0011062 223.4800 136.5176 15.83823570 46049
DUPLEX                  
1 66906U 98067XS  26245.29615331  .00035519  00000+0  31175-3 0  9998
2 66906  51.6243 258.4174 0004373  82.6534 277.4959 15.68464293 42733
KNACKSAT-2              
1 67683U 98067XZ  26245.30519538  .00042693  00000+0  39006-3 0  9997
2 67683  51.6254 264.5058 0007510 110.8334 249.3467 15.67367502 32347
GXIBA-1                 
1 67685U 98067YB  26245.76227085  .00059939  00000+0  47174-3 0  9998
2 67685  51.6230 260.0300 0008321 107.8976 252.2930 15.70839263 32444
UITMSAT-2               
1 67686U 98067YC  26245.75587516  .00127173  00000+0  66618-3 0  9996
2 67686  51.6219 255.4463 0008178  72.6421 287.5475 15.79860714 32500
LEOPARD                 
1 67687U 98067YD  26245.74913715  .00070903  00000+0  55279-3 0  9999
2 67687  51.6249 260.7284 0007998  77.2862 282.9029 15.70999765 32350
HMU-SAT2                
1 67688U 98067YE  26245.30940571  .00084128  00000+0  54897-3 0  9991
2 67688  51.6237 260.0071 0007729  73.2107 286.9740 15.75103268 32326
CREW DRAGON 12          
1 67796U 26031A   26246.17593850  .00004078  00000+0  82215-4 0  9995
2 67796  51.6312 274.0958 0005015 102.3118 257.8432 15.48977273584660
PROGRESS-MS 33          
1 68319U 26058A   26246.17593850  .00004078  00000+0  82215-4 0  9996
2 68319  51.6312 274.0958 0005015 102.3118 257.8432 15.48977273584741
CYGNUS NG-24            
1 68689U 26079A   26245.78884125  .00003946  00000+0  79827-4 0  9991
2 68689  51.6312 276.0109 0004996 101.5494 258.6056 15.48973485584726
PROGRESS-MS 34          
1 68837U 26093A   26245.78884125  .00003946  00000+0  79827-4 0  9992
2 68837  51.6312 276.0109 0004996 101.5494 258.6056 15.48973485584765
TIANZHOU-10             
1 69049U 26102A   26245.93105700  .00011334  00000+0  14263-3 0  9993
2 69049  41.4679 210.0466 0002125 256.1113 103.9489 15.59528989305833
SHENZHOU-23 (SZ-23)     
1 69180U 26113A   26245.93105700  .00011334  00000+0  14263-3 0  9991
2 69180  41.4679 210.0466 0002125 256.1113 103.9489 15.59528989305659
